{
  "prediction": [
    [
      [
        0.5152244951727387,
        0.17502516532197313,
        0.19570878226256633,
        0.08458235706509287,
        0.014742766617188615,
        0.01471643356044044
      ],
      [
        0.5159563420576714,
        0.1905754036117955,
        0.18479170028330752,
        0.07922361309570419,
        0.014736816466531001,
        0.014716124484990517
      ],
      [
        0.5181047159628421,
        0.2146571646094668,
        0.16727979358158757,
        0.0705131713676375,
        0.014729555602677004,
        0.014715598875788986
      ],
      [
        0.5159563420576714,
        0.1905754036117955,
        0.18479170028330752,
        0.07922361309570419,
        0.014736816466531001,
        0.014716124484990517
      ],
      [
        0.5152244951727387,
        0.17502516532197313,
        0.19570878226256633,
        0.08458235706509287,
        0.014742766617188615,
        0.01471643356044044
      ],
      [
        0.5150235415757334,
        0.15443704642029218,
        0.20969197664243452,
        0.09137769880281119,
        0.014752921557307511,
        0.014716815001421225
      ],
      [
        0.5150235415757334,
        0.15443704642029218,
        0.20969197664243452,
        0.09137769880281119,
        0.014752921557307511,
        0.014716815001421225
      ],
      [
        0.5150235415757334,
        0.15443704642029218,
        0.20969197664243452,
        0.09137769880281119,
        0.014752921557307511,
        0.014716815001421225
      ],
      [
        0.5150235415757334,
        0.15443704642029218,
        0.20969197664243452,
        0.09137769880281119,
        0.014752921557307511,
        0.014716815001421225
      ],
      [
        0.5153124540124716,
        0.17788028621353297,
        0.19370910598245242,
        0.08362838757204087,
        0.014752941546082544,
        0.014716824673419438
      ],
      [
        0.5150235415757334,
        0.15443704642029218,
        0.20969197664243452,
        0.09137769880281119,
        0.014752921557307511,
        0.014716815001421225
      ],
      [
        0.5150235415757334,
        0.15443704642029218,
        0.20969197664243452,
        0.09137769880281119,
        0.014752921557307511,
        0.014716815001421225
      ],
      [
        0.5150235415757334,
        0.15443704642029218,
        0.20969197664243452,
        0.09137769880281119,
        0.014752921557307511,
        0.014716815001421225
      ],
      [
        0.515485658496836,
        0.1818949044807502,
        0.19092354365989844,
        0.08223960472340612,
        0.014739989091784127,
        0.014716299547325014
      ],
      [
        0.5167162549038359,
        0.2008136547996728,
        0.17743683855848544,
        0.07558385905589345,
        0.014733483899938695,
        0.014715908782173628
      ],
      [
        0.5181177710847766,
        0.2147699681564249,
        0.1671960208288075,
        0.07047111771516228,
        0.014729525959214673,
        0.01471559625561417
      ],
      [
        0.5167162549038359,
        0.2008136547996728,
        0.17743683855848544,
        0.07558385905589345,
        0.014733483899938695,
        0.014715908782173628
      ],
      [
        0.4513022692171569,
        0.16359745092726685,
        0.1710136118867898,
        0.12054400566216467,
        0.06298838221929891,
        0.030554280087322853
      ],
      [
        0.45043353329057145,
        0.14407756937724053,
        0.180323273176533,
        0.12671063716976347,
        0.06814650662382872,
        0.03030848036206269
      ],
      [
        0.4506057728189294,
        0.14334420899424424,
        0.1794421722252518,
        0.12605143333347768,
        0.06973965678667172,
        0.030816755841425125
      ],
      [
        0.45043353329057145,
        0.14407756937724053,
        0.180323273176533,
        0.12671063716976347,
        0.06814650662382872,
        0.03030848036206269
      ],
      [
        0.45127952720566133,
        0.14441340841526057,
        0.18084101620133952,
        0.1269678811607098,
        0.06670151423551113,
        0.029796652781517656
      ],
      [
        0.45127952720566133,
        0.14441340841526057,
        0.18084101620133952,
        0.1269678811607098,
        0.06670151423551113,
        0.029796652781517656
      ],
      [
        0.4512749138925167,
        0.14385787279634374,
        0.180157214844797,
        0.12647492142727812,
        0.06801556282085924,
        0.03021951421820495
      ],
      [
        0.45127952720566133,
        0.14441340841526057,
        0.18084101620133952,
        0.1269678811607098,
        0.06670151423551113,
        0.029796652781517656
      ],
      [
        0.451619092007199,
        0.14374638889329452,
        0.18006257787935584,
        0.12635937502454914,
        0.06801290527262295,
        0.030199660922978405
      ],
      [
        0.451619092007199,
        0.14374638889329452,
        0.18006257787935584,
        0.12635937502454914,
        0.06801290527262295,
        0.030199660922978405
      ],
      [
        0.45127952720566133,
        0.14441340841526057,
        0.18084101620133952,
        0.1269678811607098,
        0.06670151423551113,
        0.029796652781517656
      ],
      [
        0.45127952720566133,
        0.14441340841526057,
        0.18084101620133952,
        0.1269678811607098,
        0.06670151423551113,
        0.029796652781517656
      ],
      [
        0.4512749138925167,
        0.14385787279634374,
        0.180157214844797,
        0.12647492142727812,
        0.06801556282085924,
        0.03021951421820495
      ],
      [
        0.45127952720566133,
        0.14441340841526057,
        0.18084101620133952,
        0.1269678811607098,
        0.06670151423551113,
        0.029796652781517656
      ],
      [
        0.4506057728189294,
        0.14334420899424424,
        0.1794421722252518,
        0.12605143333347768,
        0.06973965678667172,
        0.030816755841425125
      ],
      [
        0.5150235415757334,
        0.15443704642029218,
        0.20969197664243452,
        0.09137769880281119,
        0.014752921557307511,
        0.014716815001421225
      ],
      [
        0.5150235415757334,
        0.15443704642029218,
        0.20969197664243452,
        0.09137769880281119,
        0.014752921557307511,
        0.014716815001421225
      ],
      [
        0.5150235415757334,
        0.15443704642029218,
        0.20969197664243452,
        0.09137769880281119,
        0.014752921557307511,
        0.014716815001421225
      ],
      [
        0.5150235415757334,
        0.15443704642029218,
        0.20969197664243452,
        0.09137769880281119,
        0.014752921557307511,
        0.014716815001421225
      ],
      [
        0.5150235415757334,
        0.15443704642029218,
        0.20969197664243452,
        0.09137769880281119,
        0.014752921557307511,
        0.014716815001421225
      ],
      [
        0.5150235415757334,
        0.15443704642029218,
        0.20969197664243452,
        0.09137769880281119,
        0.014752921557307511,
        0.014716815001421225
      ],
      [
        0.5150235415757334,
        0.15443704642029218,
        0.20969197664243452,
        0.09137769880281119,
        0.014752921557307511,
        0.014716815001421225
      ],
      [
        0.5150235415757334,
        0.15443704642029218,
        0.20969197664243452,
        0.09137769880281119,
        0.014752921557307511,
        0.014716815001421225
      ]
    ],
    [
      [
        0.5159563420576714,
        0.1905754036117955,
        0.18479170028330752,
        0.07922361309570419,
        0.014736816466531001,
        0.014716124484990517
      ],
      [
        0.18034681046721596,
        0.24887543724728256,
        0.145680461649995,
        0.08563930457258101,
        0.3146248854251714,
        0.024833100637753916
      ],
      [
        0.39965985002891236,
        0.23253201789939548,
        0.17288390177307814,
        0.08216722750491122,
        0.08204009509323981,
        0.030716907700462898
      ],
      [
        0.39704768438841215,
        0.24624037102282553,
        0.16834145858387284,
        0.07785859319700769,
        0.08036204748702463,
        0.030149845320857092
      ],
      [
        0.3912328060634882,
        0.2516219153841371,
        0.17021130013752797,
        0.07158154524987492,
        0.08391867160535744,
        0.03143376155961429
      ],
      [
        0.41129585129421214,
        0.23839906253411894,
        0.1624330693573013,
        0.06730687374688972,
        0.08809782181479027,
        0.032467321252687656
      ],
      [
        0.19628244097291625,
        0.22546301574502625,
        0.14159066288241712,
        0.06847536944289198,
        0.34230788226069575,
        0.025880628696052753
      ],
      [
        0.41445368836809765,
        0.2238518194793713,
        0.1613396551941616,
        0.07675199789179453,
        0.09043817795512699,
        0.03316466111144789
      ],
      [
        0.37363608296572604,
        0.22806216001168164,
        0.18869915777249133,
        0.08256792937635354,
        0.09248711705555972,
        0.034547552818187825
      ],
      [
        0.3643912130397274,
        0.230749871205182,
        0.19285160441285595,
        0.08781417024053234,
        0.09023325273459712,
        0.03395988836710526
      ],
      [
        0.3642829242779643,
        0.23030851613343686,
        0.1931272171877346,
        0.08812161731209048,
        0.09020675134672876,
        0.03395297374204494
      ],
      [
        0.47174330845219603,
        0.20859098304859877,
        0.15005278028442534,
        0.07080218817002604,
        0.07324928342241681,
        0.02556145662233703
      ],
      [
        0.1736611457437762,
        0.25193494301494584,
        0.15969114701318987,
        0.08715773160929623,
        0.3031715189603256,
        0.024383513658466277
      ],
      [
        0.47920440265752934,
        0.2110012851012897,
        0.14023224819856747,
        0.06943454867272561,
        0.07435547920473938,
        0.025772036165148546
      ],
      [
        0.39989409561411826,
        0.2536330753763732,
        0.1718966053434894,
        0.08086105067429508,
        0.06898990057741118,
        0.024725272414312993
      ],
      [
        0.37694881238660394,
        0.25214363184184646,
        0.1780504947296149,
        0.08117853837472666,
        0.08097229409992832,
        0.03070622856727953
      ],
      [
        0.3804734162446922,
        0.24170225959139552,
        0.18558539299261242,
        0.08574593871303178,
        0.07712334781343658,
        0.029369644644831466
      ],
      [
        0.44793235842830553,
        0.1682867048596875,
        0.1421858868430712,
        0.13083396997622676,
        0.07855191854629863,
        0.032209161346410366
      ],
      [
        0.26336904400603584,
        0.24447064525651904,
        0.22366180167754024,
        0.09739570758341885,
        0.10030397259409646,
        0.07079882888238943
      ],
      [
        0.44788657153604255,
        0.163923729160292,
        0.14585023542280778,
        0.13212487675167564,
        0.07805919719395764,
        0.03215538993522438
      ],
      [
        0.3460145576808289,
        0.18744135038905474,
        0.260943857877813,
        0.0820961084832831,
        0.08096505792490678,
        0.04253906764411359
      ],
      [
        0.22098579127716664,
        0.16264346541792257,
        0.1323494826737301,
        0.09539731375877013,
        0.3495639086713664,
        0.03906003820104417
      ],
      [
        0.4584527056346391,
        0.18728232868853656,
        0.15297379574522446,
        0.09520889059235842,
        0.07512092776236332,
        0.0309613515768781
      ],
      [
        0.4579788040878914,
        0.1867196189687741,
        0.14829604918439596,
        0.0940584714720169,
        0.08137947775604508,
        0.031567578530876626
      ],
      [
        0.456423551551885,
        0.18301788761347335,
        0.1412627245336902,
        0.09259587400834902,
        0.08654669752523901,
        0.04015326476736344
      ],
      [
        0.22041149020614806,
        0.15751640040677561,
        0.118663133671313,
        0.08619570218509474,
        0.3822478679191929,
        0.03496540561147573
      ],
      [
        0.4563742013389846,
        0.16793384573816678,
        0.1495433944617971,
        0.09831904239644401,
        0.09369892858636755,
        0.03413058747823995
      ],
      [
        0.1944145106472053,
        0.15908092133778534,
        0.13448747105555628,
        0.09738957771158076,
        0.38100483722973083,
        0.0336226820181416
      ],
      [
        0.457491405600702,
        0.1764463453514119,
        0.15441469142679584,
        0.10035186513062588,
        0.07854661827178956,
        0.032749074218675
      ],
      [
        0.3760085547314766,
        0.1895844365643153,
        0.23801292533019702,
        0.08499564399889713,
        0.06890385153839768,
        0.04249458783671626
      ],
      [
        0.3374449139678523,
        0.26734467064311535,
        0.15497158702992644,
        0.09731574415071081,
        0.08693210645382579,
        0.055990977754569404
      ],
      [
        0.338912586198168,
        0.2688635153762676,
        0.1536976809707814,
        0.09502873816699393,
        0.0872950703774236,
        0.05620240891036555
      ],
      [
        0.3954911932078038,
        0.2285326297679957,
        0.17986998536328996,
        0.08598567579354849,
        0.0800470034260385,
        0.030073512441323592
      ],
      [
        0.3900913627287258,
        0.20492157661292332,
        0.18850657215085936,
        0.08866310222272097,
        0.09308359018028556,
        0.034733796104484974
      ],
      [
        0.4909022301214397,
        0.18531609981963154,
        0.1381035045761778,
        0.07432994310468935,
        0.08381253095528457,
        0.02753569142277698
      ],
      [
        0.46031735901904286,
        0.16194552508212068,
        0.14642163837669378,
        0.08242136603320371,
        0.11719730642803154,
        0.03169680506090744
      ],
      [
        0.4642690958026072,
        0.15389708608806466,
        0.1486563711272623,
        0.08241382091250399,
        0.11952998904338613,
        0.031233637026175827
      ],
      [
        0.4844284976924586,
        0.14364267038392028,
        0.15036089909815284,
        0.07855934615437932,
        0.11423037750226724,
        0.028778209168821865
      ],
      [
        0.4844284976924586,
        0.14364267038392028,
        0.15036089909815284,
        0.07855934615437932,
        0.11423037750226724,
        0.028778209168821865
      ],
      [
        0.5150235415757334,
        0.15443704642029218,
        0.20969197664243452,
        0.09137769880281119,
        0.014752921557307511,
        0.014716815001421225
      ]
    ],
    [
      [
        0.5181047159628421,
        0.2146571646094668,
        0.16727979358158757,
        0.0705131713676375,
        0.014729555602677004,
        0.014715598875788986
      ],
      [
        0.39965985002891236,
        0.23253201789939548,
        0.17288390177307814,
        0.08216722750491122,
        0.08204009509323981,
        0.030716907700462898
      ],
      [
        0.26231582934596137,
        0.31978130166413204,
        0.11238097173299808,
        0.16389534108854859,
        0.08396286271065542,
        0.05766369345770444
      ],
      [
        0.4521796066314028,
        0.19094451164964416,
        0.10799691407215252,
        0.12123413898239067,
        0.08854549892861273,
        0.03909932973579698
      ],
      [
        0.38471134131147067,
        0.3076245717309398,
        0.10743002786182146,
        0.07586868026412977,
        0.07673424680783057,
        0.04763113202380747
      ],
      [
        0.39008597084329094,
        0.30168591166296815,
        0.10704261423822521,
        0.07523961042503303,
        0.07775809736592022,
        0.04818779546456249
      ],
      [
        0.45214476625550026,
        0.1955829940757519,
        0.12157460223566059,
        0.0931800957598704,
        0.09519672590696597,
        0.04232081576625071
      ],
      [
        0.45214278111698897,
        0.19793521871898306,
        0.12510341648669432,
        0.0955304378365324,
        0.0821741887753703,
        0.04711395706543102
      ],
      [
        0.4520265291360164,
        0.19248547624485732,
        0.12496688709558315,
        0.09631787380300164,
        0.09227589502786863,
        0.04192733869267285
      ],
      [
        0.10461283101787909,
        0.4759243268460328,
        0.13561242191037737,
        0.09601181004665936,
        0.11812931784317707,
        0.06970929233587417
      ],
      [
        0.12823743626265746,
        0.4098976231764407,
        0.11050467206609327,
        0.08441232450298551,
        0.21508685080501436,
        0.05186109318680871
      ],
      [
        0.4520065232080446,
        0.19169570427094962,
        0.12520934627700883,
        0.09886069111597037,
        0.09053804152054583,
        0.041689693607480746
      ],
      [
        0.45150475520534955,
        0.1768219197877299,
        0.11687122725843826,
        0.1303494131496527,
        0.08441766617274889,
        0.04003501842608062
      ],
      [
        0.45159011388515624,
        0.17876563472898288,
        0.11569770006324794,
        0.12952216061780603,
        0.08438732638716484,
        0.04003706431764211
      ],
      [
        0.4516577902421172,
        0.18010210984597355,
        0.11380353087352894,
        0.12988458356265553,
        0.08449339185271255,
        0.04005859362301231
      ],
      [
        0.13484959480714212,
        0.3053471416583,
        0.11025140811326638,
        0.16707743781820203,
        0.22516863994614175,
        0.05730577765694758
      ],
      [
        0.37035001251487876,
        0.31085064426942227,
        0.11805862017198937,
        0.08863554269289727,
        0.06737882876806611,
        0.04472635158274632
      ],
      [
        0.2823995203794677,
        0.3333173833287003,
        0.12231026330739816,
        0.09503705594543051,
        0.10065290169248835,
        0.06628287534651488
      ],
      [
        0.20889093288159843,
        0.2849416974011139,
        0.12374369058773697,
        0.10058874488872328,
        0.2221941735463742,
        0.05964076069445325
      ],
      [
        0.2806993335765738,
        0.33187759222288843,
        0.12592692156454802,
        0.09560422513639781,
        0.10000845246821094,
        0.06588347503138098
      ],
      [
        0.3439795052506818,
        0.2885512433583284,
        0.1273932985761218,
        0.0993732400172092,
        0.08267877607563114,
        0.058023936722027665
      ],
      [
        0.3463552555929134,
        0.2891886862043233,
        0.12512454030424586,
        0.09770007637536908,
        0.08324040640850162,
        0.05839103511464671
      ],
      [
        0.397933147065536,
        0.284487588992645,
        0.10736825645641658,
        0.0759315599882664,
        0.07982499387084815,
        0.05445445362628764
      ],
      [
        0.38343180683416084,
        0.2813246430318804,
        0.11800357953269665,
        0.08192083590254325,
        0.07913319052941384,
        0.05618594416930515
      ],
      [
        0.4561270369338502,
        0.19318256347223584,
        0.11659805793547266,
        0.09654266360656905,
        0.09507102931899748,
        0.042478648732874796
      ],
      [
        0.45577429493031757,
        0.18984534455514931,
        0.11319092080503838,
        0.09781038567079463,
        0.10032974302896591,
        0.04304931100973421
      ],
      [
        0.4555893477555932,
        0.18376071506337405,
        0.1218417539056383,
        0.09981570496579069,
        0.09677461928630135,
        0.04221785902330232
      ],
      [
        0.194970585483649,
        0.17194689838415653,
        0.11328812690861045,
        0.09654446970953542,
        0.38044804326266285,
        0.042801876251385755
      ],
      [
        0.4561822007307491,
        0.1842755089855459,
        0.1329104517105603,
        0.10158284566845643,
        0.08436423246198516,
        0.04068476044270312
      ],
      [
        0.309630847642341,
        0.3261534957901246,
        0.11968590694619997,
        0.09413386522235259,
        0.08456172104114719,
        0.06583416335783457
      ],
      [
        0.14769380355540104,
        0.3425261861805012,
        0.11484275663886075,
        0.08978317849645284,
        0.240588331435735,
        0.06456574369304915
      ],
      [
        0.3095112431696746,
        0.33123417677642053,
        0.11675283095449887,
        0.09212606611035754,
        0.08454869897759934,
        0.06582698401144912
      ],
      [
        0.1804885586481498,
        0.25812418563598144,
        0.13111965634499126,
        0.10242730724483352,
        0.2791889634013956,
        0.04865132872464847
      ],
      [
        0.38903233182122576,
        0.25693763697064176,
        0.1243759157069278,
        0.08831165231269118,
        0.0926411140189003,
        0.04870134916961316
      ],
      [
        0.4140694744855677,
        0.232449871809008,
        0.10680035049498292,
        0.08789533554255982,
        0.1041896182955871,
        0.054595349372294356
      ],
      [
        0.49247550955484837,
        0.19301358327437868,
        0.08989942222923399,
        0.07040072218162921,
        0.11003083024951514,
        0.04417993251039469
      ],
      [
        0.4658055536541568,
        0.1929168345941673,
        0.07164409201800546,
        0.09677800870573136,
        0.12328819833810535,
        0.04956731268983364
      ],
      [
        0.46788717137902247,
        0.19487027014857006,
        0.07141433441556239,
        0.09434192023616988,
        0.12222022709621201,
        0.049266076724462995
      ],
      [
        0.48343847319690836,
        0.14451748482844406,
        0.14761528637641635,
        0.0813162069165354,
        0.11426998219156477,
        0.028842566490130978
      ],
      [
        0.5150235415757334,
        0.15443704642029218,
        0.20969197664243452,
        0.09137769880281119,
        0.014752921557307511,
        0.014716815001421225
      ]
    ],
    [
      [
        0.5194566204006698,
        0.22526792079710278,
        0.15932036028854527,
        0.06651037002912837,
        0.014729137698014271,
        0.014715590786539667
      ],
      [
        0.37914354642064013,
        0.27514227640412353,
        0.1713211482107218,
        0.0845845439623239,
        0.06570347038182876,
        0.024105014620361964
      ],
      [
        0.0982469412608735,
        0.5058120673424008,
        0.12707485055596163,
        0.09196462255133898,
        0.11092272040546669,
        0.06597879788395826
      ],
      [
        0.27139483530468445,
        0.41691504604469737,
        0.10874774986471497,
        0.07866255641812883,
        0.07475450758617688,
        0.04952530478159763
      ],
      [
        0.2814686189092005,
        0.175265430503764,
        0.09912946424701838,
        0.0855820696443083,
        0.31690486786629773,
        0.04164954882941119
      ],
      [
        0.45298232584148024,
        0.20097746686048787,
        0.12434771069398257,
        0.09653295821560011,
        0.08529207027665171,
        0.03986746811179751
      ],
      [
        0.4522882951077954,
        0.19616162743386667,
        0.12320847422401952,
        0.09482297930083568,
        0.09165829799031838,
        0.04186032594316431
      ],
      [
        0.4521280532856762,
        0.19341662438539664,
        0.12536631025681627,
        0.09577214210657858,
        0.09149121863281226,
        0.0418256513327201
      ],
      [
        0.45211420195240415,
        0.1953869952453873,
        0.12711864425697775,
        0.09984679501107505,
        0.07907538591446543,
        0.046457977619690366
      ],
      [
        0.2866148472605159,
        0.2827773724228545,
        0.1210696474640673,
        0.10188877497922653,
        0.1477968441460699,
        0.05985251372726585
      ],
      [
        0.31531604569403987,
        0.2861219182588078,
        0.12365441837136565,
        0.10386659707217015,
        0.11038961408729098,
        0.06065140651632532
      ],
      [
        0.45146266864658774,
        0.17377691331693926,
        0.119354152575072,
        0.13241154242762612,
        0.08314982048264716,
        0.039844902551127666
      ],
      [
        0.2859326239441094,
        0.2831771000618433,
        0.12046941652086308,
        0.1032560630112993,
        0.1474364371498178,
        0.05972835931206694
      ],
      [
        0.38117737632688925,
        0.2728117243296373,
        0.10931689601098804,
        0.08832665930954955,
        0.08695446639524519,
        0.06141287762769053
      ],
      [
        0.43660051216117146,
        0.17648880613933193,
        0.11613971228824331,
        0.13715778018374536,
        0.09281054941588933,
        0.04080263981161845
      ],
      [
        0.3718862946893676,
        0.3130735997662419,
        0.11370145243443033,
        0.08878002016335834,
        0.06766343106104533,
        0.04489520188555643
      ],
      [
        0.30074935210973064,
        0.31817675452857297,
        0.11666678649675243,
        0.08446578902611339,
        0.13630462812007071,
        0.04363668971875985
      ],
      [
        0.31947355917913506,
        0.29125593178459686,
        0.12456765230285478,
        0.10082359943009576,
        0.10439885082214051,
        0.05948040648117703
      ],
      [
        0.1841718911476255,
        0.37143017227701985,
        0.1400803354841077,
        0.09897027168084717,
        0.13502727867837366,
        0.07032005073202599
      ],
      [
        0.20834872596728848,
        0.196997051398994,
        0.12018769135055123,
        0.10838023028836707,
        0.3032758459746592,
        0.06281045502014
      ],
      [
        0.2811823481637003,
        0.3351695165106535,
        0.12402591391487293,
        0.09342392153762855,
        0.10019721791084137,
        0.06600108196230334
      ],
      [
        0.15484326556617822,
        0.2969837532550118,
        0.11756238100854025,
        0.09215049887382318,
        0.2799874113598827,
        0.05847268993656383
      ],
      [
        0.37325713498888907,
        0.2909361851979076,
        0.12295643472089504,
        0.08093830841135406,
        0.07708220614058514,
        0.05482973054036916
      ],
      [
        0.4567323499484483,
        0.20109009197074024,
        0.12273904690002062,
        0.0928810453514686,
        0.08039670729907543,
        0.04616075853024682
      ],
      [
        0.20572745933883982,
        0.18194173142510264,
        0.10371188344725049,
        0.08836086517993492,
        0.37509498454176543,
        0.04516307606710649
      ],
      [
        0.4561351005514094,
        0.19480106713744477,
        0.110501429745778,
        0.09469834149012982,
        0.10113639879192823,
        0.042727662283309764
      ],
      [
        0.2260441590033775,
        0.16543927835216388,
        0.09215968955395198,
        0.09137237650225084,
        0.3821690361118468,
        0.04281546047640906
      ],
      [
        0.20290436249403454,
        0.1693645408241868,
        0.1065807198595439,
        0.0969746933582558,
        0.3807032660593975,
        0.04347241740458148
      ],
      [
        0.354100074563816,
        0.28164306422413476,
        0.11908609987337893,
        0.10046516356345571,
        0.08509768658113676,
        0.059607911194077746
      ],
      [
        0.40383012778892635,
        0.17336345330453024,
        0.1292156557772923,
        0.10296039127604989,
        0.14314675609340366,
        0.04748361575979748
      ],
      [
        0.3091186180311993,
        0.3307032802443035,
        0.11625320937083942,
        0.09371914763069682,
        0.0844509953875673,
        0.0657547493353936
      ],
      [
        0.38262799169523587,
        0.22131596328241185,
        0.1311583221933554,
        0.10987551201440168,
        0.0952952565852473,
        0.05972695422934799
      ],
      [
        0.3554823399385257,
        0.2750044370561816,
        0.1364827362889433,
        0.09545111988480581,
        0.09045969708733417,
        0.047119669744209544
      ],
      [
        0.17027032566190559,
        0.31218795092532065,
        0.13838735647652162,
        0.11229858409148788,
        0.1801616432131811,
        0.08669413963158332
      ],
      [
        0.4895574714797273,
        0.21641665190519582,
        0.09704529904845118,
        0.06389339646313147,
        0.08912525093595568,
        0.04396193016753856
      ],
      [
        0.25192060272295436,
        0.19801400764283164,
        0.06799738437071126,
        0.09692301851349473,
        0.32749297865263266,
        0.057652008097375265
      ],
      [
        0.4658055536541568,
        0.1929168345941673,
        0.07164409201800546,
        0.09677800870573136,
        0.12328819833810535,
        0.04956731268983364
      ],
      [
        0.4658055536541568,
        0.1929168345941673,
        0.07164409201800546,
        0.09677800870573136,
        0.12328819833810535,
        0.04956731268983364
      ],
      [
        0.4599151445257409,
        0.15531184167330583,
        0.14977184367988838,
        0.08276799464628762,
        0.12040709509997247,
        0.03182608037480462
      ],
      [
        0.5150235415757334,
        0.15443704642029218,
        0.20969197664243452,
        0.09137769880281119,
        0.014752921557307511,
        0.014716815001421225
      ]
    ],
    [
      [
        0.5198549508773911,
        0.22803427337328103,
        0.15723079594197056,
        0.06543843368144615,
        0.014726269843114452,
        0.0147152762827968
      ],
      [
        0.37638966600281476,
        0.27836290489178567,
        0.16893177126772377,
        0.08701259687402893,
        0.06527799797566046,
        0.024025062987986255
      ],
      [
        0.26542440055228467,
        0.29151796066880187,
        0.11925249286898107,
        0.17558701890525952,
        0.08225026208580992,
        0.06596786491886306
      ],
      [
        0.41133193320790734,
        0.18005852286274682,
        0.10895088373362907,
        0.12221371294132986,
        0.13123849161268633,
        0.046206455641700436
      ],
      [
        0.382555718255894,
        0.3105776743607797,
        0.10907684446777412,
        0.0779902635845683,
        0.07350104738784864,
        0.04629845194313518
      ],
      [
        0.19240255153031285,
        0.1881015941739195,
        0.1076687763007236,
        0.09218101198329576,
        0.3781068937698741,
        0.041539172241874235
      ],
      [
        0.19289491255402055,
        0.18765760207100954,
        0.10759287195680868,
        0.09216780521149669,
        0.3781073377465774,
        0.04157947046008697
      ],
      [
        0.4515558062472561,
        0.17917135559330566,
        0.1162475171287607,
        0.12813546724845484,
        0.08458997195015007,
        0.040299881832072594
      ],
      [
        0.3547712137363079,
        0.19171127169476576,
        0.11467172849127709,
        0.09604867736494646,
        0.18379406641984047,
        0.05900304229286243
      ],
      [
        0.3580049844442466,
        0.2861015312037593,
        0.11520567138205044,
        0.09110139152904725,
        0.0932307231329279,
        0.056355698307968376
      ],
      [
        0.4262959720559691,
        0.21486332360096333,
        0.11806944066809674,
        0.09354846652509624,
        0.10278239874742871,
        0.044440398402445895
      ],
      [
        0.35778289547650877,
        0.2838367551147924,
        0.11448076322993458,
        0.09437467558891484,
        0.09318984257005138,
        0.05633506801979791
      ],
      [
        0.39965613751640644,
        0.2134189603759536,
        0.12387826281476723,
        0.10958836434298562,
        0.10301284385959757,
        0.05044543109028944
      ],
      [
        0.14624526446638655,
        0.30990831512431183,
        0.10894683237913318,
        0.09387714834650229,
        0.2958084253400979,
        0.04521401434356829
      ],
      [
        0.45171750149002887,
        0.17948666263913393,
        0.1156704172700171,
        0.13068159061853898,
        0.08245367111106532,
        0.03999015687121569
      ],
      [
        0.4125864574605097,
        0.19850957389363996,
        0.11214322114720186,
        0.1377710871363935,
        0.09361426910903839,
        0.045375391253216615
      ],
      [
        0.1477484575962903,
        0.3041652050060034,
        0.10859820504028016,
        0.08626836446456738,
        0.3046278538489955,
        0.04859191404386317
      ],
      [
        0.3403089923504284,
        0.2903676446149481,
        0.12023118958105931,
        0.09308349776023214,
        0.09597665219050845,
        0.060032023502823405
      ],
      [
        0.33909558671092993,
        0.2907110372648688,
        0.12184862481156465,
        0.09289046304887232,
        0.0956243420523898,
        0.05982994611137455
      ],
      [
        0.3061938544432549,
        0.2851481273886807,
        0.11953412912106375,
        0.0921093170788637,
        0.1382646613011709,
        0.05874991066696617
      ],
      [
        0.395890192320423,
        0.2702959821627819,
        0.10529187405631263,
        0.1028968106236425,
        0.07515680009188827,
        0.050468340744951656
      ],
      [
        0.35789647023433224,
        0.2957959234724292,
        0.11790574059357112,
        0.08731542234663507,
        0.0828084628387214,
        0.05827798051431086
      ],
      [
        0.36204473471677784,
        0.2954841290558268,
        0.11420215901099355,
        0.08562129350645102,
        0.08375118070602637,
        0.05889650300392435
      ],
      [
        0.4473087532513068,
        0.20171475031979935,
        0.1250472889403029,
        0.09519375679990352,
        0.09018202370868265,
        0.040553426980004775
      ],
      [
        0.45630038884994395,
        0.19630415741717575,
        0.11407880935611335,
        0.09358068642566839,
        0.09702133827238986,
        0.0427146196787085
      ],
      [
        0.4558457388028642,
        0.1923040033661702,
        0.1057482380096751,
        0.09779527177294109,
        0.10478837486863891,
        0.043518373179710475
      ],
      [
        0.44226783254076485,
        0.18163403990107546,
        0.10544260730767831,
        0.11060920203482268,
        0.11558240740690728,
        0.04446391080875131
      ],
      [
        0.45536542300018784,
        0.1837775334615994,
        0.11297348397614401,
        0.10400480701826073,
        0.10080139674503877,
        0.043077355798769264
      ],
      [
        0.4199245850295615,
        0.1940815330156102,
        0.11539486775157479,
        0.11693088877021397,
        0.1004887899869865,
        0.05317933544605311
      ],
      [
        0.415429876461408,
        0.1973988663566572,
        0.1154445519997612,
        0.13159645601686482,
        0.09505251432636386,
        0.04507773483894493
      ],
      [
        0.36045180873469035,
        0.28987896950751096,
        0.1159002597287853,
        0.09168398438920033,
        0.08340999373590052,
        0.05867498390391258
      ],
      [
        0.32265449831827997,
        0.3392589519940129,
        0.10724000934058432,
        0.08035909422664275,
        0.0846842658422555,
        0.06580318027822459
      ],
      [
        0.39708248291758075,
        0.25288672032195897,
        0.12195704164020349,
        0.0870167673571298,
        0.09212574913787956,
        0.04893123862524751
      ],
      [
        0.4160318610158013,
        0.2417485304797409,
        0.1115996285698823,
        0.08318418138562793,
        0.09651587006992068,
        0.050919928479026835
      ],
      [
        0.43782537227864543,
        0.2257256550295692,
        0.0956918771022767,
        0.0816729704976857,
        0.10525081670387496,
        0.053833308387947816
      ],
      [
        0.4613996694292832,
        0.20458892514262145,
        0.08105279631581809,
        0.08156321704441588,
        0.12093325726505824,
        0.05046213480280312
      ],
      [
        0.26817221970327937,
        0.17779577049253306,
        0.06433260961813161,
        0.09321177900721593,
        0.34475346309263794,
        0.0517341580862021
      ],
      [
        0.4658055536541568,
        0.1929168345941673,
        0.07164409201800546,
        0.09677800870573136,
        0.12328819833810535,
        0.04956731268983364
      ],
      [
        0.26291001841317496,
        0.14322594886321297,
        0.1381925748983726,
        0.08209184573604741,
        0.3410694005287358,
        0.03251021156045619
      ],
      [
        0.5150235415757334,
        0.15443704642029218,
        0.20969197664243452,
        0.09137769880281119,
        0.014752921557307511,
        0.014716815001421225
      ]
    ],
    [
      [
        0.5190424912062511,
        0.22221085093435533,
        0.1616338761749233,
        0.06766971640724154,
        0.014727645535402324,
        0.014715419741826379
      ],
      [
        0.45611993207862883,
        0.23089165741432027,
        0.14276227845584574,
        0.07407286498423368,
        0.07101468625492989,
        0.025138580812041605
      ],
      [
        0.28701285285628686,
        0.2891390032873843,
        0.11453792073267385,
        0.10128187911853719,
        0.14807537287667116,
        0.05995297112844672
      ],
      [
        0.4148335010253015,
        0.16937803231128087,
        0.10014550041371169,
        0.18803230894326464,
        0.07852230052627894,
        0.04908835678016237
      ],
      [
        0.147273492342879,
        0.4063636195052739,
        0.10814679175248239,
        0.08012095323049581,
        0.20502248226912556,
        0.05307266089974338
      ],
      [
        0.45192444688818434,
        0.18474634932956685,
        0.11403864247887989,
        0.1264698299881041,
        0.08276909452463972,
        0.04005163679062513
      ],
      [
        0.209318090993394,
        0.31405952349582944,
        0.111556467404364,
        0.08724243257564225,
        0.22503707028617115,
        0.05278641524459903
      ],
      [
        0.37539120118969443,
        0.3069142434104574,
        0.11187613099672358,
        0.07636799763525916,
        0.08206263290161699,
        0.04738779386624835
      ],
      [
        0.37373958514046207,
        0.3049396548611434,
        0.11482390343355876,
        0.07760141591274809,
        0.08169302661642626,
        0.04720241403566148
      ],
      [
        0.14482442362629355,
        0.3141454755781728,
        0.11339665881991776,
        0.08982678204697252,
        0.29296033411297795,
        0.04484632581566537
      ],
      [
        0.4000888506742834,
        0.2153246961244001,
        0.12630370392058374,
        0.10664127699958642,
        0.10141022975465411,
        0.050231242526492144
      ],
      [
        0.14511220748583217,
