{
  "prediction": [
    [
      [
        0.9257897290458424,
        0.014889475376127491,
        0.014889475376127491,
        0.014770922412887499,
        0.014770922412887499,
        0.014889475376127491
      ],
      [
        0.9262414386092432,
        0.014772431865136281,
        0.014772431865136281,
        0.0147206328976739,
        0.0147206328976739,
        0.014772431865136281
      ],
      [
        0.9262414386092432,
        0.014772431865136281,
        0.014772431865136281,
        0.0147206328976739,
        0.0147206328976739,
        0.014772431865136281
      ],
      [
        0.9262414386092432,
        0.014772431865136281,
        0.014772431865136281,
        0.0147206328976739,
        0.0147206328976739,
        0.014772431865136281
      ],
      [
        0.9262167813538227,
        0.014778620433957976,
        0.014778620433957976,
        0.014723678672151621,
        0.014723678672151621,
        0.014778620433957976
      ],
      [
        0.9257395188024544,
        0.014898405547701886,
        0.014898405547701886,
        0.014782632277219902,
        0.014782632277219902,
        0.014898405547701886
      ],
      [
        0.9257395188024544,
        0.014898405547701886,
        0.014898405547701886,
        0.014782632277219902,
        0.014782632277219902,
        0.014898405547701886
      ],
      [
        0.9262414386092432,
        0.014772431865136281,
        0.014772431865136281,
        0.0147206328976739,
        0.0147206328976739,
        0.014772431865136281
      ],
      [
        0.9262414386092432,
        0.014772431865136281,
        0.014772431865136281,
        0.0147206328976739,
        0.0147206328976739,
        0.014772431865136281
      ],
      [
        0.9257652598013248,
        0.014891944976955823,
        0.014891944976955823,
        0.014779452633903845,
        0.014779452633903845,
        0.014891944976955823
      ],
      [
        0.9257897290458424,
        0.014889475376127491,
        0.014889475376127491,
        0.014770922412887499,
        0.014770922412887499,
        0.014889475376127491
      ],
      [
        0.9257897290458424,
        0.014889475376127491,
        0.014889475376127491,
        0.014770922412887499,
        0.014770922412887499,
        0.014889475376127491
      ],
      [
        0.9257897290458424,
        0.014889475376127491,
        0.014889475376127491,
        0.014770922412887499,
        0.014770922412887499,
        0.014889475376127491
      ],
      [
        0.9257652598013248,
        0.014891944976955823,
        0.014891944976955823,
        0.014779452633903845,
        0.014779452633903845,
        0.014891944976955823
      ],
      [
        0.9257395188024544,
        0.014898405547701886,
        0.014898405547701886,
        0.014782632277219902,
        0.014782632277219902,
        0.014898405547701886
      ],
      [
        0.9257395188024544,
        0.014898405547701886,
        0.014898405547701886,
        0.014782632277219902,
        0.014782632277219902,
        0.014898405547701886
      ],
      [
        0.9262414386092432,
        0.014772431865136281,
        0.014772431865136281,
        0.0147206328976739,
        0.0147206328976739,
        0.014772431865136281
      ],
      [
        0.9257652598013248,
        0.014891944976955823,
        0.014891944976955823,
        0.014779452633903845,
        0.014779452633903845,
        0.014891944976955823
      ],
      [
        0.9257652598013248,
        0.014891944976955823,
        0.014891944976955823,
        0.014779452633903845,
        0.014779452633903845,
        0.014891944976955823
      ],
      [
        0.9257897290458424,
        0.014889475376127491,
        0.014889475376127491,
        0.014770922412887499,
        0.014770922412887499,
        0.014889475376127491
      ],
      [
        0.9257897290458424,
        0.014889475376127491,
        0.014889475376127491,
        0.014770922412887499,
        0.014770922412887499,
        0.014889475376127491
      ],
      [
        0.9257395188024544,
        0.014898405547701886,
        0.014898405547701886,
        0.014782632277219902,
        0.014782632277219902,
        0.014898405547701886
      ],
      [
        0.9257395188024544,
        0.014898405547701886,
        0.014898405547701886,
        0.014782632277219902,
        0.014782632277219902,
        0.014898405547701886
      ],
      [
        0.9257395188024544,
        0.014898405547701886,
        0.014898405547701886,
        0.014782632277219902,
        0.014782632277219902,
        0.014898405547701886
      ],
      [
        0.926010486569628,
        0.014830397059043455,
        0.014830397059043455,
        0.014749161126620742,
        0.014749161126620742,
        0.014830397059043455
      ],
      [
        0.9257395188024544,
        0.014898405547701886,
        0.014898405547701886,
        0.014782632277219902,
        0.014782632277219902,
        0.014898405547701886
      ],
      [
        0.9257395188024544,
        0.014898405547701886,
        0.014898405547701886,
        0.014782632277219902,
        0.014782632277219902,
        0.014898405547701886
      ],
      [
        0.9257395188024544,
        0.014898405547701886,
        0.014898405547701886,
        0.014782632277219902,
        0.014782632277219902,
        0.014898405547701886
      ],
      [
        0.9262414386092432,
        0.014772431865136281,
        0.014772431865136281,
        0.0147206328976739,
        0.0147206328976739,
        0.014772431865136281
      ],
      [
        0.9262414386092432,
        0.014772431865136281,
        0.014772431865136281,
        0.0147206328976739,
        0.0147206328976739,
        0.014772431865136281
      ],
      [
        0.9257652598013248,
        0.014891944976955823,
        0.014891944976955823,
        0.014779452633903845,
        0.014779452633903845,
        0.014891944976955823
      ],
      [
        0.9257897290458424,
        0.014889475376127491,
        0.014889475376127491,
        0.014770922412887499,
        0.014770922412887499,
        0.014889475376127491
      ],
      [
        0.9257897290458424,
        0.014889475376127491,
        0.014889475376127491,
        0.014770922412887499,
        0.014770922412887499,
        0.014889475376127491
      ],
      [
        0.9257897290458424,
        0.014889475376127491,
        0.014889475376127491,
        0.014770922412887499,
        0.014770922412887499,
        0.014889475376127491
      ],
      [
        0.9257395188024544,
        0.014898405547701886,
        0.014898405547701886,
        0.014782632277219902,
        0.014782632277219902,
        0.014898405547701886
      ],
      [
        0.9257395188024544,
        0.014898405547701886,
        0.014898405547701886,
        0.014782632277219902,
        0.014782632277219902,
        0.014898405547701886
      ],
      [
        0.9261538532458377,
        0.014798899072617822,
        0.014798899072617822,
        0.014724724768154455,
        0.014724724768154455,
        0.014798899072617822
      ],
      [
        0.926010486569628,
        0.014830397059043455,
        0.014830397059043455,
        0.014749161126620742,
        0.014749161126620742,
        0.014830397059043455
      ],
      [
        0.9257395188024544,
        0.014898405547701886,
        0.014898405547701886,
        0.014782632277219902,
        0.014782632277219902,
        0.014898405547701886
      ],
      [
        0.9261538532458377,
        0.014798899072617822,
        0.014798899072617822,
        0.014724724768154455,
        0.014724724768154455,
        0.014798899072617822
      ]
    ],
    [
      [
        0.9262414386092432,
        0.014772431865136281,
        0.014772431865136281,
        0.0147206328976739,
        0.0147206328976739,
        0.014772431865136281
      ],
      [
        0.8964772208528495,
        0.029828965582237243,
        0.01927270827930784,
        0.020088488417575396,
        0.018438210929938095,
        0.01589440593809201
      ],
      [
        0.8597046375770112,
        0.06346750140649492,
        0.02023492555610703,
        0.021222367146442874,
        0.019224828164495306,
        0.01614574014944862
      ],
      [
        0.1374859244569259,
        0.05471848401531793,
        0.025843967681283532,
        0.052622128037135556,
        0.7122198027857135,
        0.017109693023623657
      ],
      [
        0.8859621161023875,
        0.034867667230931154,
        0.022037334627150948,
        0.02097552415136849,
        0.020146254192757958,
        0.016011103695403827
      ],
      [
        0.9251136750611824,
        0.01505278253584077,
        0.01505278253584077,
        0.014863988665647598,
        0.014863988665647598,
        0.01505278253584077
      ],
      [
        0.8751022789768185,
        0.037212713288239656,
        0.029036694669492297,
        0.021705226451599845,
        0.02077953104999601,
        0.01616355556385363
      ],
      [
        0.8988154624336246,
        0.028371997567567135,
        0.018907894566731816,
        0.0197580174131018,
        0.018273685457412175,
        0.01587294256156247
      ],
      [
        0.07487855444601084,
        0.03569285333459116,
        0.016564117418934904,
        0.025638558030270826,
        0.8308987970272507,
        0.01632711974294163
      ],
      [
        0.9251034112927867,
        0.015054538009617353,
        0.015054538009617353,
        0.014866487339180591,
        0.014866487339180591,
        0.015054538009617353
      ],
      [
        0.899259249742401,
        0.027452865955921953,
        0.01877371955045588,
        0.020040009201749143,
        0.018507865898178724,
        0.015966289651293264
      ],
      [
        0.898639560254053,
        0.027960589520887855,
        0.018972412943114587,
        0.020002263694772433,
        0.01847366378820168,
        0.015951509798970535
      ],
      [
        0.899259249742401,
        0.027452865955921953,
        0.01877371955045588,
        0.020040009201749143,
        0.018507865898178724,
        0.015966289651293264
      ],
      [
        0.8988154624336246,
        0.028371997567567135,
        0.018907894566731816,
        0.0197580174131018,
        0.018273685457412175,
        0.01587294256156247
      ],
      [
        0.8988154624336246,
        0.028371997567567135,
        0.018907894566731816,
        0.0197580174131018,
        0.018273685457412175,
        0.01587294256156247
      ],
      [
        0.8900765855927228,
        0.029855411792145424,
        0.025099551369090672,
        0.020306813223054172,
        0.018661430980002773,
        0.016000207042984164
      ],
      [
        0.8958734861732947,
        0.03076673144686367,
        0.019384395800332563,
        0.01999407998033783,
        0.018225555514416958,
        0.015755751084754292
      ],
      [
        0.09043948624209956,
        0.03943332434502104,
        0.01653163760898919,
        0.026905766444626077,
        0.8104902366397537,
        0.01619954871951025
      ],
      [
        0.8964818468728655,
        0.02950027126507928,
        0.019199740036234647,
        0.020384333702004175,
        0.018549214458046984,
        0.01588459366576953
      ],
      [
        0.8964818468728655,
        0.02950027126507928,
        0.019199740036234647,
        0.020384333702004175,
        0.018549214458046984,
        0.01588459366576953
      ],
      [
        0.01587822543499811,
        0.015203235961811539,
        0.015203235961811539,
        0.015203235961811539,
        0.015203235961811539,
        0.9233088307177557
      ],
      [
        0.8956072961337156,
        0.03021545569331359,
        0.01947739845190733,
        0.020334106857534878,
        0.018502099157059422,
        0.01586364370646924
      ],
      [
        0.9023295101769575,
        0.028995994362675824,
        0.018447272075232415,
        0.018360850383609996,
        0.01674814247929306,
        0.015118230522231114
      ],
      [
        0.8886194691223342,
        0.03315265310656575,
        0.02334326946356803,
        0.020041010712688594,
        0.019290438334391972,
        0.015553159260451352
      ],
      [
        0.8886194691223342,
        0.03315265310656575,
        0.02334326946356803,
        0.020041010712688594,
        0.019290438334391972,
        0.015553159260451352
      ],
      [
        0.8886194691223342,
        0.03315265310656575,
        0.02334326946356803,
        0.020041010712688594,
        0.019290438334391972,
        0.015553159260451352
      ],
      [
        0.9020842575269927,
        0.02835627010351134,
        0.01854443773069896,
        0.018731706340772564,
        0.01704846133978615,
        0.015234866958238065
      ],
      [
        0.8886192241547505,
        0.035821219705917805,
        0.022144390533743626,
        0.01935754072697491,
        0.018879391117950547,
        0.015178233760662699
      ],
      [
        0.9023295101769575,
        0.028995994362675824,
        0.018447272075232415,
        0.018360850383609996,
        0.01674814247929306,
        0.015118230522231114
      ],
      [
        0.08996037647956173,
        0.036647594917916734,
        0.01571857695058742,
        0.024396450782957567,
        0.8179410778561539,
        0.015335923012822715
      ],
      [
        0.9023295101769575,
        0.028995994362675824,
        0.018447272075232415,
        0.018360850383609996,
        0.01674814247929306,
        0.015118230522231114
      ],
      [
        0.9030307285335543,
        0.027559360345868394,
        0.018236458214433225,
        0.018799222878714245,
        0.01711146536314887,
        0.015262764664281014
      ],
      [
        0.8936919696321642,
        0.03185724561330301,
        0.019631964989880867,
        0.020649747543241045,
        0.01845128966805066,
        0.015717782553360177
      ],
      [
        0.9020842575269927,
        0.02835627010351134,
        0.01854443773069896,
        0.018731706340772564,
        0.01704846133978615,
        0.015234866958238065
      ],
      [
        0.9020842575269927,
        0.02835627010351134,
        0.01854443773069896,
        0.018731706340772564,
        0.01704846133978615,
        0.015234866958238065
      ],
      [
        0.9020842575269927,
        0.02835627010351134,
        0.01854443773069896,
        0.018731706340772564,
        0.01704846133978615,
        0.015234866958238065
      ],
      [
        0.8886194691223342,
        0.03315265310656575,
        0.02334326946356803,
        0.020041010712688594,
        0.019290438334391972,
        0.015553159260451352
      ],
      [
        0.8886194691223342,
        0.03315265310656575,
        0.02334326946356803,
        0.020041010712688594,
        0.019290438334391972,
        0.015553159260451352
      ],
      [
        0.8886194691223342,
        0.03315265310656575,
        0.02334326946356803,
        0.020041010712688594,
        0.019290438334391972,
        0.015553159260451352
      ],
      [
        0.9257395188024544,
        0.014898405547701886,
        0.014898405547701886,
        0.014782632277219902,
        0.014782632277219902,
        0.014898405547701886
      ]
    ],
    [
      [
        0.9262414386092432,
        0.014772431865136281,
        0.014772431865136281,
        0.0147206328976739,
        0.0147206328976739,
        0.014772431865136281
      ],
      [
        0.08876981391808507,
        0.06239859845169694,
        0.016816726616418042,
        0.027624334559788542,
        0.7878771810248737,
        0.016513345429137703
      ],
      [
        0.8479984364764074,
        0.07717805855874665,
        0.01538477318160422,
        0.02237828977845284,
        0.020841552124388825,
        0.01621888988039996
      ],
      [
        0.12804575403158489,
        0.1250173442835059,
        0.01513199475010947,
        0.030793596342593745,
        0.6841513368416586,
        0.01685997375054736
      ],
      [
        0.06117793746653859,
        0.11366392070609274,
        0.7160494868411312,
        0.060427787355821855,
        0.031546555520088795,
        0.01713431211032686
      ],
      [
        0.9251136750611824,
        0.01505278253584077,
        0.01505278253584077,
        0.014863988665647598,
        0.014863988665647598,
        0.01505278253584077
      ],
      [
        0.8518068970454697,
        0.05707723527187635,
        0.030739556997780262,
        0.0225372826891467,
        0.021501636433235077,
        0.016337391562491862
      ],
      [
        0.17674818329900432,
        0.12739892847479356,
        0.01515403488574888,
        0.03057610041792122,
        0.6331525784937876,
        0.016970174428744406
      ],
      [
        0.9042393560765727,
        0.026925967882846125,
        0.015199424706691705,
        0.0196358178358033,
        0.018174812175243752,
        0.015824621322842552
      ],
      [
        0.8988154624336246,
        0.028371997567567135,
        0.018907894566731816,
        0.0197580174131018,
        0.018273685457412175,
        0.01587294256156247
      ],
      [
        0.9253223367376493,
        0.015074820386866871,
        0.014774964077373373,
        0.014876529205621797,
        0.014876529205621797,
        0.015074820386866871
      ],
      [
        0.8988154624336246,
        0.028371997567567135,
        0.018907894566731816,
        0.0197580174131018,
        0.018273685457412175,
        0.01587294256156247
      ],
      [
        0.9042393560765727,
        0.026925967882846125,
        0.015199424706691705,
        0.0196358178358033,
        0.018174812175243752,
        0.015824621322842552
      ],
      [
        0.0743874965363983,
        0.0356478533575713,
        0.015015388025578055,
        0.025418276542762346,
        0.8332540454097996,
        0.01627694012789028
      ],
      [
        0.9042393560765727,
        0.026925967882846125,
        0.015199424706691705,
        0.0196358178358033,
        0.018174812175243752,
        0.015824621322842552
      ],
      [
        0.8517081311016137,
        0.07449492131013027,
        0.015361708585517657,
        0.021825732077870006,
        0.020419458772736706,
        0.016190048152131736
      ],
      [
        0.0895319020262518,
        0.03931269847658965,
        0.014985978014139808,
        0.026576105111526832,
        0.8134634263007928,
        0.01612989007069904
      ],
      [
        0.9025684328268647,
        0.028670647699888176,
        0.0151652813531973,
        0.01981167824599372,
        0.018089678719421468,
        0.015694281154634532
      ],
      [
        0.015460628638586368,
        0.015021046882284339,
        0.014764209376456866,
        0.015021046882284339,
        0.015021046882284339,
        0.9247120213381038
      ],
      [
        0.01585352213164874,
        0.01520401219853543,
        0.014800802439707085,
        0.01520401219853543,
        0.01520401219853543,
        0.9237336388330378
      ],
      [
        0.01585352213164874,
        0.01520401219853543,
        0.014800802439707085,
        0.01520401219853543,
        0.01520401219853543,
        0.9237336388330378
      ],
      [
        0.015460628638586368,
        0.015021046882284339,
        0.014764209376456866,
        0.015021046882284339,
        0.015021046882284339,
        0.9247120213381038
      ],
      [
        0.015034581163107318,
        0.014801948417861473,
        0.014720389683572293,
        0.014801948417861473,
        0.014801948417861473,
        0.925839183899736
      ],
      [
        0.8902760081164814,
        0.041830055762981565,
        0.014957315727315075,
        0.01944046732812977,
        0.018366263424340678,
        0.015129889640751328
      ],
      [
        0.048599476630061846,
        0.7252482903806566,
        0.031154871357151566,
        0.14048776858871828,
        0.03766880294368693,
        0.016840790099724806
      ],
      [
        0.8853690866999965,
        0.04567623211399824,
        0.015012757518424567,
        0.01950920660395879,
        0.019172173257050625,
        0.015260543806571034
      ],
      [
        0.8853690866999965,
        0.04567623211399824,
        0.015012757518424567,
        0.01950920660395879,
        0.019172173257050625,
        0.015260543806571034
      ],
      [
        0.8902760081164814,
        0.041830055762981565,
        0.014957315727315075,
        0.01944046732812977,
        0.018366263424340678,
        0.015129889640751328
      ],
      [
        0.8902760081164814,
        0.041830055762981565,
        0.014957315727315075,
        0.01944046732812977,
        0.018366263424340678,
        0.015129889640751328
      ],
      [
        0.908363890460719,
        0.02671702201544423,
        0.014928774664037742,
        0.018237330460471178,
        0.01667073894575227,
        0.015082243453575561
      ],
      [
        0.908363890460719,
        0.02671702201544423,
        0.014928774664037742,
        0.018237330460471178,
        0.01667073894575227,
        0.015082243453575561
      ],
      [
        0.908363890460719,
        0.02671702201544423,
        0.014928774664037742,
        0.018237330460471178,
        0.01667073894575227,
        0.015082243453575561
      ],
      [
        0.9107566399785433,
        0.0237646855401178,
        0.01497231336250857,
        0.01844058077144247,
        0.016873689224741945,
        0.015192091122646065
      ],
      [
        0.908363890460719,
        0.02671702201544423,
        0.014928774664037742,
        0.018237330460471178,
        0.01667073894575227,
        0.015082243453575561
      ],
      [
        0.9107566399785433,
        0.0237646855401178,
        0.01497231336250857,
        0.01844058077144247,
        0.016873689224741945,
        0.015192091122646065
      ],
      [
        0.8853690866999965,
        0.04567623211399824,
        0.015012757518424567,
        0.01950920660395879,
        0.019172173257050625,
        0.015260543806571034
      ],
      [
        0.8853690866999965,
        0.04567623211399824,
        0.015012757518424567,
        0.01950920660395879,
        0.019172173257050625,
        0.015260543806571034
      ],
      [
        0.048599476630061846,
        0.7252482903806566,
        0.031154871357151566,
        0.14048776858871828,
        0.03766880294368693,
        0.016840790099724806
      ],
      [
        0.8886194691223342,
        0.03315265310656575,
        0.02334326946356803,
        0.020041010712688594,
        0.019290438334391972,
        0.015553159260451352
      ],
      [
        0.926010486569628,
        0.014830397059043455,
        0.014830397059043455,
        0.014749161126620742,
        0.014749161126620742,
        0.014830397059043455
      ]
    ],
    [
      [
        0.9262414386092432,
        0.014772431865136281,
        0.014772431865136281,
        0.0147206328976739,
        0.0147206328976739,
        0.014772431865136281
      ],
      [
        0.8964772208528495,
        0.029828965582237243,
        0.01927270827930784,
        0.020088488417575396,
        0.018438210929938095,
        0.01589440593809201
      ],
      [
        0.08798585803123914,
        0.062061698230950146,
        0.01504939429773542,
        0.02732006456796724,
        0.791136013383431,
        0.016446971488677097
      ],
      [
        0.8742473274691975,
        0.05349552097239196,
        0.01529376834321844,
        0.02109410493183403,
        0.019832219278879876,
        0.016037059004478264
      ],
      [
        0.846913164334749,
        0.04069018602932979,
        0.04051042042498462,
        0.023139195763163083,
        0.03219294491493821,
        0.016554088532835156
      ],
      [
        0.9250839188847237,
        0.015059422711471836,
        0.015059422711471836,
        0.01486890649043029,
        0.01486890649043029,
        0.015059422711471836
      ],
      [
        0.08172556269102972,
        0.10794599504556306,
        0.7034505629403259,
        0.05867637629267452,
        0.030974605781180484,
        0.017226897249226186
      ],
      [
        0.8349742804859002,
        0.09130635669563157,
        0.015363136405463024,
        0.02177472866084671,
        0.02038319445347517,
        0.01619830329868343
      ],
      [
        0.8795165137369666,
        0.04957692854197063,
        0.01523811273761223,
        0.020440902740656727,
        0.019311719852127294,
        0.015915822390666395
      ],
      [
        0.06552006159701788,
        0.03230279195438767,
        0.014953084251926919,
        0.02360546132692387,
        0.847653179610109,
        0.0159654212596346
      ],
      [
        0.9034951652064774,
        0.026195040090307875,
        0.018200783412500268,
        0.018860103495254354,
        0.017608671644747134,
        0.015640236150712923
      ],
      [
        0.925550224602447,
        0.015002800559570671,
        0.014760560111914133,
        0.014841807083248768,
        0.014841807083248768,
        0.015002800559570671
      ],
      [
        0.06589129646776515,
        0.032320573594912916,
        0.016213437451406965,
        0.023785601902147784,
        0.8457820068568128,
        0.01600708372695436
      ],
      [
        0.8961092783149172,
        0.03626185246589679,
        0.015134672886806269,
        0.019075701220959352,
        0.01774799720033803,
        0.015670497911082333
      ],
      [
        0.8276580620432047,
        0.09948940890267953,
        0.01530882930302883,
        0.02140966598313613,
        0.020074705416134566,
        0.016059328351816088
      ],
      [
        0.8276580620432047,
        0.09948940890267953,
        0.01530882930302883,
        0.02140966598313613,
        0.020074705416134566,
        0.016059328351816088
      ],
      [
        0.015562324757385192,
        0.015086338567046335,
        0.014777267713409266,
        0.015086338567046335,
        0.015086338567046335,
        0.9244013918280666
      ],
      [
        0.015560764471230571,
        0.015085573037817619,
        0.014777114607563523,
        0.015085573037817619,
        0.015085573037817619,
        0.924405401807753
      ],
      [
        0.9026224402368699,
        0.028081408245109435,
        0.015212539137514833,
        0.01993140102343889,
        0.018315342971030844,
        0.015836868386036
      ],
      [
        0.015918304239109105,
        0.015247688662125163,
        0.014809537732425033,
        0.015247688662125163,
        0.015247688662125163,
        0.9235290920420903
      ],
      [
        0.01556609166033378,
        0.015081490357823742,
        0.014776298071564747,
        0.015081490357823742,
        0.015081490357823742,
        0.9244131391946302
      ],
      [
        0.853941783243347,
        0.06136556016547509,
        0.01538965719949844,
        0.032187920703045415,
        0.02088535560746846,
        0.016229723081165565
      ],
      [
        0.12205960748482869,
        0.0667775092913044,
        0.015023337861416238,
        0.028619625082755493,
        0.751203230972614,
        0.016316689307081193
      ],
      [
        0.8860423124042232,
        0.042161640530429964,
        0.015216319286305322,
        0.02104145257823465,
        0.01973494453068314,
        0.015803330670123815
      ],
      [
        0.8902760081164814,
        0.041830055762981565,
        0.014957315727315075,
        0.01944046732812977,
        0.018366263424340678,
        0.015129889640751328
      ],
      [
        0.8853690866999965,
        0.04567623211399824,
        0.015012757518424567,
        0.01950920660395879,
        0.019172173257050625,
        0.015260543806571034
      ],
      [
        0.8902760081164814,
        0.041830055762981565,
        0.014957315727315075,
        0.01944046732812977,
        0.018366263424340678,
        0.015129889640751328
      ],
      [
        0.08688507121554838,
        0.7191045162884486,
        0.026355654710061037,
        0.11346251475532801,
        0.0385406258000635,
        0.015651617230550464
      ],
      [
        0.1268769754429256,
        0.06828886111020918,
        0.014830458059605109,
        0.026045476584737597,
        0.7486059385044967,
        0.015352290298025546
      ],
      [
        0.8902760081164814,
        0.041830055762981565,
        0.014957315727315075,
        0.01944046732812977,
        0.018366263424340678,
        0.015129889640751328
      ],
      [
        0.08885278697595946,
        0.036525571453413744,
        0.014813368879080174,
        0.02404208339854607,
        0.8204993448975997,
        0.015266844395400877
      ],
      [
        0.908363890460719,
        0.02671702201544423,
        0.014928774664037742,
        0.018237330460471178,
        0.01667073894575227,
        0.015082243453575561
      ],
      [
        0.908363890460719,
        0.02671702201544423,
        0.014928774664037742,
        0.018237330460471178,
        0.01667073894575227,
        0.015082243453575561
      ],
      [
        0.908363890460719,
        0.02671702201544423,
        0.014928774664037742,
        0.018237330460471178,
        0.01667073894575227,
        0.015082243453575561
      ],
      [
        0.908363890460719,
        0.02671702201544423,
        0.014928774664037742,
        0.018237330460471178,
        0.01667073894575227,
        0.015082243453575561
      ],
      [
        0.908363890460719,
        0.02671702201544423,
        0.014928774664037742,
        0.018237330460471178,
        0.01667073894575227,
        0.015082243453575561
      ],
      [
        0.8853690866999965,
        0.04567623211399824,
        0.015012757518424567,
        0.01950920660395879,
        0.019172173257050625,
        0.015260543806571034
      ],
      [
        0.8902760081164814,
        0.041830055762981565,
        0.014957315727315075,
        0.01944046732812977,
        0.018366263424340678,
        0.015129889640751328
      ],
      [
        0.8886192241547505,
        0.035821219705917805,
        0.022144390533743626,
        0.01935754072697491,
        0.018879391117950547,
        0.015178233760662699
      ],
      [
        0.9257395188024544,
        0.014898405547701886,
        0.014898405547701886,
        0.014782632277219902,
        0.014782632277219902,
        0.014898405547701886
      ]
    ],
    [
      [
        0.9257652598013248,
        0.014891944976955823,
        0.014891944976955823,
        0.014779452633903845,
        0.014779452633903845,
        0.014891944976955823
      ],
      [
        0.8964772208528495,
        0.029828965582237243,
        0.01927270827930784,
        0.020088488417575396,
        0.018438210929938095,
        0.01589440593809201
      ],
      [
        0.9026224402368699,
        0.028081408245109435,
        0.015212539137514833,
        0.01993140102343889,
        0.018315342971030844,
        0.015836868386036
      ],
      [
        0.015560764471230571,
        0.015085573037817619,
        0.014777114607563523,
        0.015085573037817619,
        0.015085573037817619,
        0.924405401807753
      ],
      [
        0.10324839254967472,
        0.08318296901117557,
        0.015076986557876947,
        0.027881974859022447,
        0.7540247442328657,
        0.016584932789384735
      ],
      [
        0.11735440930642858,
        0.07782568895352461,
        0.02001310176324255,
        0.04987604734600806,
        0.7179898933869366,
        0.016940859243859643
      ],
      [
        0.8742473274691975,
        0.05349552097239196,
        0.01529376834321844,
        0.02109410493183403,
        0.019832219278879876,
        0.016037059004478264
      ],
      [
        0.8595633314914146,
        0.06827008387298976,
        0.015294118461788051,
        0.02103840470063658,
        0.01979169865946881,
        0.016042362813702277
      ],
      [
        0.9062089867422601,
        0.025790138824492492,
        0.015159918887901302,
        0.01921182031681458,
        0.01788997936633696,
        0.015739155862194536
      ],
      [
        0.06552006159701788,
        0.03230279195438767,
        0.014953084251926919,
        0.02360546132692387,
        0.847653179610109,
        0.0159654212596346
      ],
      [
        0.9092573946453024,
        0.02441610867618925,
        0.015065523017687887,
        0.01846524575960649,
        0.01728854133324515,
        0.015507186567968775
      ],
      [
        0.8981078193236878,
        0.028885122914771695,
        0.0198544640054786,
        0.019063493479378954,
        0.018490504575437057,
        0.015598595701245905
      ],
      [
        0.9256595033888237,
        0.014968558254439237,
        0.014753711650887846,
        0.014824834225704818,
        0.014824834225704818,
        0.014968558254439237
      ],
      [
        0.8686263172519545,
        0.04420737032752327,
        0.02585017692274031,
        0.020181994344200267,
        0.025305207060925726,
        0.015828934092655927
      ],
      [
        0.23186701185940528,
        0.1276536593456427,
        0.015052706206510244,
        0.028078874368340966,
        0.5808842171875496,
        0.01646353103255122
      ],
      [
        0.10131612650385688,
        0.703568882481427,
        0.023502711340440356,
        0.1229534824084255,
        0.032040422276504596,
        0.01661837498934557
      ],
      [
        0.8122409705010492,
        0.10228900058774769,
        0.015458206727395115,
        0.02278899469394025,
        0.03080972045580755,
        0.016413107034060147
      ],
      [
        0.8595633314914146,
        0.06827008387298976,
        0.015294118461788051,
        0.02103840470063658,
        0.01979169865946881,
        0.016042362813702277
      ],
      [
        0.8884558515234674,
        0.04176102286592304,
        0.015246628935947096,
        0.02010233756052316,
        0.018503241722965115,
        0.015930917391174096
      ],
      [
        0.9042393560765727,
        0.026925967882846125,
        0.015199424706691705,
        0.0196358178358033,
        0.018174812175243752,
        0.015824621322842552
      ],
      [
        0.8925891115911534,
        0.03640678092133682,
        0.015238480424469136,
        0.020498726687130746,
        0.019354339772949494,
        0.015912560602960375
      ],
      [
        0.11268584815474889,
        0.11824737725462288,
        0.015117165648668206,
        0.029286904964890136,
        0.7078768757337288,
        0.01678582824334103
      ],
      [
        0.08738880022332496,
        0.6645766793952951,
        0.028455221097574923,
        0.12129415854180708,
        0.08051498246163631,
        0.017770158280361745
      ],
      [
        0.8703988459615966,
        0.05638554363700359,
        0.015316058934733097,
        0.021607804143853944,
        0.020225271960118262,
        0.016066475362694482
      ],
      [
        0.8816131659822943,
        0.045536008646586086,
        0.015273242867085852,
        0.021153727862848602,
        0.020484322851560762,
        0.015939531789624282
      ],
      [
        0.908363890460719,
        0.02671702201544423,
        0.014928774664037742,
        0.018237330460471178,
        0.01667073894575227,
        0.015082243453575561
      ],
      [
        0.8902760081164814,
        0.041830055762981565,
        0.014957315727315075,
        0.01944046732812977,
        0.018366263424340678,
        0.015129889640751328
      ],
      [
        0.1268769754429256,
        0.06828886111020918,
        0.014830458059605109,
        0.026045476584737597,
        0.7486059385044967,
        0.015352290298025546
      ],
      [
        0.8902760081164814,
        0.041830055762981565,
        0.014957315727315075,
        0.01944046732812977,
        0.018366263424340678,
        0.015129889640751328
      ],
      [
        0.908363890460719,
        0.02671702201544423,
        0.014928774664037742,
        0.018237330460471178,
        0.01667073894575227,
        0.015082243453575561
      ],
      [
        0.908363890460719,
        0.02671702201544423,
        0.014928774664037742,
        0.018237330460471178,
        0.01667073894575227,
        0.015082243453575561
      ],
      [
        0.08885278697595946,
        0.036525571453413744,
        0.014813368879080174,
        0.02404208339854607,
        0.8204993448975997,
        0.015266844395400877
      ],
      [
        0.908363890460719,
        0.02671702201544423,
        0.014928774664037742,
        0.018237330460471178,
        0.01667073894575227,
        0.015082243453575561
      ],
      [
        0.08885278697595946,
        0.036525571453413744,
        0.014813368879080174,
        0.02404208339854607,
        0.8204993448975997,
        0.015266844395400877
      ],
      [
        0.908363890460719,
        0.02671702201544423,
        0.014928774664037742,
        0.018237330460471178,
        0.01667073894575227,
        0.015082243453575561
      ],
      [
        0.8902760081164814,
        0.041830055762981565,
        0.014957315727315075,
        0.01944046732812977,
        0.018366263424340678,
        0.015129889640751328
      ],
      [
        0.8902760081164814,
        0.041830055762981565,
        0.014957315727315075,
        0.01944046732812977,
        0.018366263424340678,
        0.015129889640751328
      ],
      [
        0.8902760081164814,
        0.041830055762981565,
        0.014957315727315075,
        0.01944046732812977,
        0.018366263424340678,
        0.015129889640751328
      ],
      [
        0.9023295101769575,
        0.028995994362675824,
        0.018447272075232415,
        0.018360850383609996,
        0.01674814247929306,
        0.015118230522231114
      ],
      [
        0.9262414386092432,
        0.014772431865136281,
        0.014772431865136281,
        0.0147206328976739,
        0.0147206328976739,
        0.014772431865136281
      ]
    ],
    [
      [
        0.9262414386092432,
        0.014772431865136281,
        0.014772431865136281,
        0.0147206328976739,
        0.0147206328976739,
        0.014772431865136281
      ],
      [
        0.08289494924444658,
        0.03795262121258231,
        0.016648837948082824,
        0.026599237931092305,
        0.8195348341529267,
        0.016369519510869214
      ],
      [
        0.9026224402368699,
        0.028081408245109435,
        0.015212539137514833,
        0.01993140102343889,
        0.018315342971030844,
        0.015836868386036
      ],
      [
        0.015562324757385192,
        0.015086338567046335,
        0.014777267713409266,
        0.015086338567046335,
        0.015086338567046335,
        0.9244013918280666
      ],
      [
        0.8517081311016137,
        0.07449492131013027,
        0.015361708585517657,
        0.021825732077870006,
        0.020419458772736706,
        0.016190048152131736
      ],
      [
        0.10659867335399757,
        0.6885237693050655,
        0.0264299882471095,
        0.10440855209160477,
        0.05648795813045283,
        0.01755105887176963
      ],
      [
        0.8742473274691975,
        0.05349552097239196,
        0.01529376834321844,
        0.02109410493183403,
        0.019832219278879876,
        0.016037059004478264
      ],
      [
        0.08634644791855543,
        0.04984143771038857,
        0.015013139218992378,
        0.025490930399239324,
        0.8070423486578624,
