{
  "prediction": [
    [
      [
        0.9261538532458377,
        0.014798899072617822,
        0.014798899072617822,
        0.014724724768154455,
        0.014724724768154455,
        0.014798899072617822
      ],
      [
        0.9257652598013248,
        0.014891944976955823,
        0.014891944976955823,
        0.014779452633903845,
        0.014779452633903845,
        0.014891944976955823
      ],
      [
        0.9257652598013248,
        0.014891944976955823,
        0.014891944976955823,
        0.014779452633903845,
        0.014779452633903845,
        0.014891944976955823
      ],
      [
        0.9257652598013248,
        0.014891944976955823,
        0.014891944976955823,
        0.014779452633903845,
        0.014779452633903845,
        0.014891944976955823
      ],
      [
        0.9257652598013248,
        0.014891944976955823,
        0.014891944976955823,
        0.014779452633903845,
        0.014779452633903845,
        0.014891944976955823
      ],
      [
        0.9257652598013248,
        0.014891944976955823,
        0.014891944976955823,
        0.014779452633903845,
        0.014779452633903845,
        0.014891944976955823
      ],
      [
        0.9262414386092432,
        0.014772431865136281,
        0.014772431865136281,
        0.0147206328976739,
        0.0147206328976739,
        0.014772431865136281
      ],
      [
        0.9257395188024544,
        0.014898405547701886,
        0.014898405547701886,
        0.014782632277219902,
        0.014782632277219902,
        0.014898405547701886
      ],
      [
        0.9257395188024544,
        0.014898405547701886,
        0.014898405547701886,
        0.014782632277219902,
        0.014782632277219902,
        0.014898405547701886
      ],
      [
        0.9262414386092432,
        0.014772431865136281,
        0.014772431865136281,
        0.0147206328976739,
        0.0147206328976739,
        0.014772431865136281
      ],
      [
        0.9251359694332386,
        0.015047193663613082,
        0.015047193663613082,
        0.014861224787961081,
        0.014861224787961081,
        0.015047193663613082
      ],
      [
        0.9251359694332386,
        0.015047193663613082,
        0.015047193663613082,
        0.014861224787961081,
        0.014861224787961081,
        0.015047193663613082
      ],
      [
        0.9249282633136103,
        0.015099262542727029,
        0.015099262542727029,
        0.014886974529104209,
        0.014886974529104209,
        0.015099262542727029
      ],
      [
        0.9251359694332386,
        0.015047193663613082,
        0.015047193663613082,
        0.014861224787961081,
        0.014861224787961081,
        0.015047193663613082
      ],
      [
        0.9251359694332386,
        0.015047193663613082,
        0.015047193663613082,
        0.014861224787961081,
        0.014861224787961081,
        0.015047193663613082
      ],
      [
        0.9251359694332386,
        0.015047193663613082,
        0.015047193663613082,
        0.014861224787961081,
        0.014861224787961081,
        0.015047193663613082
      ],
      [
        0.9251359694332386,
        0.015047193663613082,
        0.015047193663613082,
        0.014861224787961081,
        0.014861224787961081,
        0.015047193663613082
      ],
      [
        0.9251359694332386,
        0.015047193663613082,
        0.015047193663613082,
        0.014861224787961081,
        0.014861224787961081,
        0.015047193663613082
      ],
      [
        0.9251359694332386,
        0.015047193663613082,
        0.015047193663613082,
        0.014861224787961081,
        0.014861224787961081,
        0.015047193663613082
      ],
      [
        0.9251359694332386,
        0.015047193663613082,
        0.015047193663613082,
        0.014861224787961081,
        0.014861224787961081,
        0.015047193663613082
      ],
      [
        0.9251359694332386,
        0.015047193663613082,
        0.015047193663613082,
        0.014861224787961081,
        0.014861224787961081,
        0.015047193663613082
      ],
      [
        0.9251359694332386,
        0.015047193663613082,
        0.015047193663613082,
        0.014861224787961081,
        0.014861224787961081,
        0.015047193663613082
      ],
      [
        0.9251136750611824,
        0.01505278253584077,
        0.01505278253584077,
        0.014863988665647598,
        0.014863988665647598,
        0.01505278253584077
      ],
      [
        0.9251359694332386,
        0.015047193663613082,
        0.015047193663613082,
        0.014861224787961081,
        0.014861224787961081,
        0.015047193663613082
      ],
      [
        0.9251359694332386,
        0.015047193663613082,
        0.015047193663613082,
        0.014861224787961081,
        0.014861224787961081,
        0.015047193663613082
      ],
      [
        0.9257395188024544,
        0.014898405547701886,
        0.014898405547701886,
        0.014782632277219902,
        0.014782632277219902,
        0.014898405547701886
      ],
      [
        0.9257897290458424,
        0.014889475376127491,
        0.014889475376127491,
        0.014770922412887499,
        0.014770922412887499,
        0.014889475376127491
      ],
      [
        0.9257652598013248,
        0.014891944976955823,
        0.014891944976955823,
        0.014779452633903845,
        0.014779452633903845,
        0.014891944976955823
      ],
      [
        0.9257897290458424,
        0.014889475376127491,
        0.014889475376127491,
        0.014770922412887499,
        0.014770922412887499,
        0.014889475376127491
      ],
      [
        0.9257897290458424,
        0.014889475376127491,
        0.014889475376127491,
        0.014770922412887499,
        0.014770922412887499,
        0.014889475376127491
      ],
      [
        0.9257897290458424,
        0.014889475376127491,
        0.014889475376127491,
        0.014770922412887499,
        0.014770922412887499,
        0.014889475376127491
      ],
      [
        0.9257897290458424,
        0.014889475376127491,
        0.014889475376127491,
        0.014770922412887499,
        0.014770922412887499,
        0.014889475376127491
      ],
      [
        0.9262414386092432,
        0.014772431865136281,
        0.014772431865136281,
        0.0147206328976739,
        0.0147206328976739,
        0.014772431865136281
      ],
      [
        0.9257395188024544,
        0.014898405547701886,
        0.014898405547701886,
        0.014782632277219902,
        0.014782632277219902,
        0.014898405547701886
      ],
      [
        0.9257395188024544,
        0.014898405547701886,
        0.014898405547701886,
        0.014782632277219902,
        0.014782632277219902,
        0.014898405547701886
      ],
      [
        0.926010486569628,
        0.014830397059043455,
        0.014830397059043455,
        0.014749161126620742,
        0.014749161126620742,
        0.014830397059043455
      ],
      [
        0.9257395188024544,
        0.014898405547701886,
        0.014898405547701886,
        0.014782632277219902,
        0.014782632277219902,
        0.014898405547701886
      ],
      [
        0.9262414386092432,
        0.014772431865136281,
        0.014772431865136281,
        0.0147206328976739,
        0.0147206328976739,
        0.014772431865136281
      ],
      [
        0.9262414386092432,
        0.014772431865136281,
        0.014772431865136281,
        0.0147206328976739,
        0.0147206328976739,
        0.014772431865136281
      ],
      [
        0.9257652598013248,
        0.014891944976955823,
        0.014891944976955823,
        0.014779452633903845,
        0.014779452633903845,
        0.014891944976955823
      ]
    ],
    [
      [
        0.9257652598013248,
        0.014891944976955823,
        0.014891944976955823,
        0.014779452633903845,
        0.014779452633903845,
        0.014891944976955823
      ],
      [
        0.09722132169732887,
        0.03861077279941355,
        0.016675523350634516,
        0.028630909750341292,
        0.8021859490516471,
        0.016675523350634516
      ],
      [
        0.09722132169732887,
        0.03861077279941355,
        0.016675523350634516,
        0.028630909750341292,
        0.8021859490516471,
        0.016675523350634516
      ],
      [
        0.09722132169732887,
        0.03861077279941355,
        0.016675523350634516,
        0.028630909750341292,
        0.8021859490516471,
        0.016675523350634516
      ],
      [
        0.09722132169732887,
        0.03861077279941355,
        0.016675523350634516,
        0.028630909750341292,
        0.8021859490516471,
        0.016675523350634516
      ],
      [
        0.8958734861732947,
        0.03076673144686367,
        0.019384395800332563,
        0.01999407998033783,
        0.018225555514416958,
        0.015755751084754292
      ],
      [
        0.8958734861732947,
        0.03076673144686367,
        0.019384395800332563,
        0.01999407998033783,
        0.018225555514416958,
        0.015755751084754292
      ],
      [
        0.8958734861732947,
        0.03076673144686367,
        0.019384395800332563,
        0.01999407998033783,
        0.018225555514416958,
        0.015755751084754292
      ],
      [
        0.8832059713566797,
        0.0369100079875566,
        0.022709624441316564,
        0.021046290314303755,
        0.020248170194454476,
        0.01587993570568882
      ],
      [
        0.8958734861732947,
        0.03076673144686367,
        0.019384395800332563,
        0.01999407998033783,
        0.018225555514416958,
        0.015755751084754292
      ],
      [
        0.07487855444601084,
        0.03569285333459116,
        0.016564117418934904,
        0.025638558030270826,
        0.8308987970272507,
        0.01632711974294163
      ],
      [
        0.8662660136788852,
        0.03725991333935838,
        0.03710387380771179,
        0.022025362152313502,
        0.02103545736676997,
        0.016309379654961164
      ],
      [
        0.846913164334749,
        0.04069018602932979,
        0.04051042042498462,
        0.023139195763163083,
        0.03219294491493821,
        0.016554088532835156
      ],
      [
        0.8662660136788852,
        0.03725991333935838,
        0.03710387380771179,
        0.022025362152313502,
        0.02103545736676997,
        0.016309379654961164
      ],
      [
        0.08160040473472432,
        0.03803772217610909,
        0.02068951457191079,
        0.026860377831872242,
        0.8163031142153138,
        0.016508866470069744
      ],
      [
        0.09795508629516715,
        0.04239967135607517,
        0.019009047694905613,
        0.027564107310005616,
        0.7965546989726761,
        0.016517388371170283
      ],
      [
        0.08289494924444658,
        0.03795262121258231,
        0.016648837948082824,
        0.026599237931092305,
        0.8195348341529267,
        0.016369519510869214
      ],
      [
        0.08289494924444658,
        0.03795262121258231,
        0.016648837948082824,
        0.026599237931092305,
        0.8195348341529267,
        0.016369519510869214
      ],
      [
        0.8798412505817655,
        0.04504708821826196,
        0.019708016777791063,
        0.020601456807175803,
        0.018794077713368953,
        0.01600810990163656
      ],
      [
        0.8424434244849045,
        0.07360147979034762,
        0.023760843972876602,
        0.022449618638512036,
        0.021425556620329078,
        0.01631907649303012
      ],
      [
        0.8798412505817655,
        0.04504708821826196,
        0.019708016777791063,
        0.020601456807175803,
        0.018794077713368953,
        0.01600810990163656
      ],
      [
        0.8859621161023875,
        0.034867667230931154,
        0.022037334627150948,
        0.02097552415136849,
        0.020146254192757958,
        0.016011103695403827
      ],
      [
        0.8859621161023875,
        0.034867667230931154,
        0.022037334627150948,
        0.02097552415136849,
        0.020146254192757958,
        0.016011103695403827
      ],
      [
        0.11171810004097824,
        0.046320214636641155,
        0.019600192675126783,
        0.029043380844085677,
        0.7767141163747998,
        0.016603995428368344
      ],
      [
        0.9251359694332386,
        0.015047193663613082,
        0.015047193663613082,
        0.014861224787961081,
        0.014861224787961081,
        0.015047193663613082
      ],
      [
        0.9023295101769575,
        0.028995994362675824,
        0.018447272075232415,
        0.018360850383609996,
        0.01674814247929306,
        0.015118230522231114
      ],
      [
        0.9023295101769575,
        0.028995994362675824,
        0.018447272075232415,
        0.018360850383609996,
        0.01674814247929306,
        0.015118230522231114
      ],
      [
        0.9030307285335543,
        0.027559360345868394,
        0.018236458214433225,
        0.018799222878714245,
        0.01711146536314887,
        0.015262764664281014
      ],
      [
        0.9030307285335543,
        0.027559360345868394,
        0.018236458214433225,
        0.018799222878714245,
        0.01711146536314887,
        0.015262764664281014
      ],
      [
        0.8936919696321642,
        0.03185724561330301,
        0.019631964989880867,
        0.020649747543241045,
        0.01845128966805066,
        0.015717782553360177
      ],
      [
        0.8936919696321642,
        0.03185724561330301,
        0.019631964989880867,
        0.020649747543241045,
        0.01845128966805066,
        0.015717782553360177
      ],
      [
        0.9023295101769575,
        0.028995994362675824,
        0.018447272075232415,
        0.018360850383609996,
        0.01674814247929306,
        0.015118230522231114
      ],
      [
        0.9023295101769575,
        0.028995994362675824,
        0.018447272075232415,
        0.018360850383609996,
        0.01674814247929306,
        0.015118230522231114
      ],
      [
        0.9023295101769575,
        0.028995994362675824,
        0.018447272075232415,
        0.018360850383609996,
        0.01674814247929306,
        0.015118230522231114
      ],
      [
        0.8886194691223342,
        0.03315265310656575,
        0.02334326946356803,
        0.020041010712688594,
        0.019290438334391972,
        0.015553159260451352
      ],
      [
        0.8886194691223342,
        0.03315265310656575,
        0.02334326946356803,
        0.020041010712688594,
        0.019290438334391972,
        0.015553159260451352
      ],
      [
        0.8886192241547505,
        0.035821219705917805,
        0.022144390533743626,
        0.01935754072697491,
        0.018879391117950547,
        0.015178233760662699
      ],
      [
        0.9023295101769575,
        0.028995994362675824,
        0.018447272075232415,
        0.018360850383609996,
        0.01674814247929306,
        0.015118230522231114
      ],
      [
        0.08996037647956173,
        0.036647594917916734,
        0.01571857695058742,
        0.024396450782957567,
        0.8179410778561539,
        0.015335923012822715
      ],
      [
        0.9262414386092432,
        0.014772431865136281,
        0.014772431865136281,
        0.0147206328976739,
        0.0147206328976739,
        0.014772431865136281
      ]
    ],
    [
      [
        0.9257652598013248,
        0.014891944976955823,
        0.014891944976955823,
        0.014779452633903845,
        0.014779452633903845,
        0.014891944976955823
      ],
      [
        0.8964818468728655,
        0.02950027126507928,
        0.019199740036234647,
        0.020384333702004175,
        0.018549214458046984,
        0.01588459366576953
      ],
      [
        0.9051141957038228,
        0.025858588013297955,
        0.01519100663908544,
        0.01988885130055978,
        0.018187208579678156,
        0.01576014976355593
      ],
      [
        0.9025684328268647,
        0.028670647699888176,
        0.0151652813531973,
        0.01981167824599372,
        0.018089678719421468,
        0.015694281154634532
      ],
      [
        0.9025684328268647,
        0.028670647699888176,
        0.0151652813531973,
        0.01981167824599372,
        0.018089678719421468,
        0.015694281154634532
      ],
      [
        0.0895319020262518,
        0.03931269847658965,
        0.014985978014139808,
        0.026576105111526832,
        0.8134634263007928,
        0.01612989007069904
      ],
      [
        0.0895319020262518,
        0.03931269847658965,
        0.014985978014139808,
        0.026576105111526832,
        0.8134634263007928,
        0.01612989007069904
      ],
      [
        0.8860423124042232,
        0.042161640530429964,
        0.015216319286305322,
        0.02104145257823465,
        0.01973494453068314,
        0.015803330670123815
      ],
      [
        0.8860423124042232,
        0.042161640530429964,
        0.015216319286305322,
        0.02104145257823465,
        0.01973494453068314,
        0.015803330670123815
      ],
      [
        0.8860423124042232,
        0.042161640530429964,
        0.015216319286305322,
        0.02104145257823465,
        0.01973494453068314,
        0.015803330670123815
      ],
      [
        0.8925891115911534,
        0.03640678092133682,
        0.015238480424469136,
        0.020498726687130746,
        0.019354339772949494,
        0.015912560602960375
      ],
      [
        0.11268584815474889,
        0.11824737725462288,
        0.015117165648668206,
        0.029286904964890136,
        0.7078768757337288,
        0.01678582824334103
      ],
      [
        0.09118240367632245,
        0.6914961985357156,
        0.02440070365394248,
        0.1421674167003088,
        0.033648033680463776,
        0.017105243753246867
      ],
      [
        0.8651834367154904,
        0.05346300220219603,
        0.01529807059007479,
        0.030178629075988644,
        0.019825569086991075,
        0.016051292329259045
      ],
      [
        0.8795165137369666,
        0.04957692854197063,
        0.01523811273761223,
        0.020440902740656727,
        0.019311719852127294,
        0.015915822390666395
      ],
      [
        0.8795165137369666,
        0.04957692854197063,
        0.01523811273761223,
        0.020440902740656727,
        0.019311719852127294,
        0.015915822390666395
      ],
      [
        0.8925891115911534,
        0.03640678092133682,
        0.015238480424469136,
        0.020498726687130746,
        0.019354339772949494,
        0.015912560602960375
      ],
      [
        0.8884558515234674,
        0.04176102286592304,
        0.015246628935947096,
        0.02010233756052316,
        0.018503241722965115,
        0.015930917391174096
      ],
      [
        0.8517081311016137,
        0.07449492131013027,
        0.015361708585517657,
        0.021825732077870006,
        0.020419458772736706,
        0.016190048152131736
      ],
      [
        0.15990457185767606,
        0.08860640247053131,
        0.015106841593971885,
        0.028925906869317473,
        0.6907220692386439,
        0.016734207969859423
      ],
      [
        0.17674818329900432,
        0.12739892847479356,
        0.01515403488574888,
        0.03057610041792122,
        0.6331525784937876,
        0.016970174428744406
      ],
      [
        0.10324839254967472,
        0.08318296901117557,
        0.015076986557876947,
        0.027881974859022447,
        0.7540247442328657,
        0.016584932789384735
      ],
      [
        0.15490959641595559,
        0.6201876415728974,
        0.028038006752507248,
        0.11670634888533006,
        0.062216506920185245,
        0.017941899453124324
      ],
      [
        0.8925891115911534,
        0.03640678092133682,
        0.015238480424469136,
        0.020498726687130746,
        0.019354339772949494,
        0.015912560602960375
      ],
      [
        0.8901580818869161,
        0.03249385392213835,
        0.02120388257652107,
        0.020477789218614727,
        0.01969701400526063,
        0.01596937839054903
      ],
      [
        0.9253865756060259,
        0.014985445447056867,
        0.014985445447056867,
        0.014828544026401807,
        0.014828544026401807,
        0.014985445447056867
      ],
      [
        0.8958734861732947,
        0.03076673144686367,
        0.019384395800332563,
        0.01999407998033783,
        0.018225555514416958,
        0.015755751084754292
      ],
      [
        0.08885278697595946,
        0.036525571453413744,
        0.014813368879080174,
        0.02404208339854607,
        0.8204993448975997,
        0.015266844395400877
      ],
      [
        0.9111595948040979,
        0.02358293527985425,
        0.014960073209172722,
        0.018340155118353983,
        0.016794792571095778,
        0.015162449017425297
      ],
      [
        0.9111595948040979,
        0.02358293527985425,
        0.014960073209172722,
        0.018340155118353983,
        0.016794792571095778,
        0.015162449017425297
      ],
      [
        0.908363890460719,
        0.02671702201544423,
        0.014928774664037742,
        0.018237330460471178,
        0.01667073894575227,
        0.015082243453575561
      ],
      [
        0.908363890460719,
        0.02671702201544423,
        0.014928774664037742,
        0.018237330460471178,
        0.01667073894575227,
        0.015082243453575561
      ],
      [
        0.08885278697595946,
        0.036525571453413744,
        0.014813368879080174,
        0.02404208339854607,
        0.8204993448975997,
        0.015266844395400877
      ],
      [
        0.8902760081164814,
        0.041830055762981565,
        0.014957315727315075,
        0.01944046732812977,
        0.018366263424340678,
        0.015129889640751328
      ],
      [
        0.8902760081164814,
        0.041830055762981565,
        0.014957315727315075,
        0.01944046732812977,
        0.018366263424340678,
        0.015129889640751328
      ],
      [
        0.048599476630061846,
        0.7252482903806566,
        0.031154871357151566,
        0.14048776858871828,
        0.03766880294368693,
        0.016840790099724806
      ],
      [
        0.8902760081164814,
        0.041830055762981565,
        0.014957315727315075,
        0.01944046732812977,
        0.018366263424340678,
        0.015129889640751328
      ],
      [
        0.8902760081164814,
        0.041830055762981565,
        0.014957315727315075,
        0.01944046732812977,
        0.018366263424340678,
        0.015129889640751328
      ],
      [
        0.9023295101769575,
        0.028995994362675824,
        0.018447272075232415,
        0.018360850383609996,
        0.01674814247929306,
        0.015118230522231114
      ],
      [
        0.9262414386092432,
        0.014772431865136281,
        0.014772431865136281,
        0.0147206328976739,
        0.0147206328976739,
        0.014772431865136281
      ]
    ],
    [
      [
        0.9257652598013248,
        0.014891944976955823,
        0.014891944976955823,
        0.014779452633903845,
        0.014779452633903845,
        0.014891944976955823
      ],
      [
        0.8964818468728655,
        0.02950027126507928,
        0.019199740036234647,
        0.020384333702004175,
        0.018549214458046984,
        0.01588459366576953
      ],
      [
        0.0895319020262518,
        0.03931269847658965,
        0.014985978014139808,
        0.026576105111526832,
        0.8134634263007928,
        0.01612989007069904
      ],
      [
        0.08222823030341314,
        0.037873739605437565,
        0.015021944495677723,
        0.026328582232418823,
        0.8222377808846639,
        0.016309722478388626
      ],
      [
        0.9026224402368699,
        0.028081408245109435,
        0.015212539137514833,
        0.01993140102343889,
        0.018315342971030844,
        0.015836868386036
      ],
      [
        0.9026224402368699,
        0.028081408245109435,
        0.015212539137514833,
        0.01993140102343889,
        0.018315342971030844,
        0.015836868386036
      ],
      [
        0.8703988459615966,
        0.05638554363700359,
        0.015316058934733097,
        0.021607804143853944,
        0.020225271960118262,
        0.016066475362694482
      ],
      [
        0.8703988459615966,
        0.05638554363700359,
        0.015316058934733097,
        0.021607804143853944,
        0.020225271960118262,
        0.016066475362694482
      ],
      [
        0.07856569071949789,
        0.7133965358458934,
        0.02678558531296458,
        0.10835554997496935,
        0.05549914171543558,
        0.017397496431239345
      ],
      [
        0.8703988459615966,
        0.05638554363700359,
        0.015316058934733097,
        0.021607804143853944,
        0.020225271960118262,
        0.016066475362694482
      ],
      [
        0.8960319145696723,
        0.03410446157802911,
        0.015191756373383871,
        0.019946345820063563,
        0.01891443773958526,
        0.015811083919265743
      ],
      [
        0.8795165137369666,
        0.04957692854197063,
        0.01523811273761223,
        0.020440902740656727,
        0.019311719852127294,
        0.015915822390666395
      ],
      [
        0.13871092950112318,
        0.0993871854803837,
        0.015035732788460533,
        0.026872200790404387,
        0.7036152874973255,
        0.01637866394230267
      ],
      [
        0.10931173212711619,
        0.13454539039472613,
        0.015077878109136033,
        0.04475168878784293,
        0.6797239200354985,
        0.016589390545680167
      ],
      [
        0.8846477661720283,
        0.04578764080572841,
        0.015166378659804436,
        0.019839774011176762,
        0.01881716041976019,
        0.015741279931501817
      ],
      [
        0.14379549385284568,
        0.6028524808707563,
        0.027354642023130246,
        0.11223144255573407,
        0.09613703698466425,
        0.017628903712869577
      ],
      [
        0.8960319145696723,
        0.03410446157802911,
        0.015191756373383871,
        0.019946345820063563,
        0.01891443773958526,
        0.015811083919265743
      ],
      [
        0.8583078007387983,
        0.04161137962822906,
        0.01538199998209271,
        0.021975976375688926,
        0.04648191924439819,
        0.016240924030792823
      ],
      [
        0.8300331680929957,
        0.08277928792381713,
        0.01545338587840045,
        0.03412580048890806,
        0.021211868767884424,
        0.016396488847994224
      ],
      [
        0.09571529582999842,
        0.7333195397106385,
        0.025040829015685048,
        0.09378454628269167,
        0.034926375533833834,
        0.017213413627152327
      ],
      [
        0.8317226529613599,
        0.08292035777268067,
        0.015454946999781755,
        0.022829787297875447,
        0.03067225075707959,
        0.016400004211222653
      ],
      [
        0.8517081311016137,
        0.07449492131013027,
        0.015361708585517657,
        0.021825732077870006,
        0.020419458772736706,
        0.016190048152131736
      ],
      [
        0.8742473274691975,
        0.05349552097239196,
        0.01529376834321844,
        0.02109410493183403,
        0.019832219278879876,
        0.016037059004478264
      ],
      [
        0.8925891115911534,
        0.03640678092133682,
        0.015238480424469136,
        0.020498726687130746,
        0.019354339772949494,
        0.015912560602960375
      ],
      [
        0.8988154624336246,
        0.028371997567567135,
        0.018907894566731816,
        0.0197580174131018,
        0.018273685457412175,
        0.01587294256156247
      ],
      [
        0.9248834728090501,
        0.015111627576325448,
        0.015111627576325448,
        0.014890822230986832,
        0.014890822230986832,
        0.015111627576325448
      ],
      [
        0.8958734861732947,
        0.03076673144686367,
        0.019384395800332563,
        0.01999407998033783,
        0.018225555514416958,
        0.015755751084754292
      ],
      [
        0.908363890460719,
        0.02671702201544423,
        0.014928774664037742,
        0.018237330460471178,
        0.01667073894575227,
        0.015082243453575561
      ],
      [
        0.09314161614032788,
        0.0337229798807744,
        0.014881463973249277,
        0.02511880980663359,
        0.8175278103327684,
        0.01560731986624639
      ],
      [
        0.9111595948040979,
        0.02358293527985425,
        0.014960073209172722,
        0.018340155118353983,
        0.016794792571095778,
        0.015162449017425297
      ],
      [
        0.9111595948040979,
        0.02358293527985425,
        0.014960073209172722,
        0.018340155118353983,
        0.016794792571095778,
        0.015162449017425297
      ],
      [
        0.908363890460719,
        0.02671702201544423,
        0.014928774664037742,
        0.018237330460471178,
        0.01667073894575227,
        0.015082243453575561
      ],
      [
        0.908363890460719,
        0.02671702201544423,
        0.014928774664037742,
        0.018237330460471178,
        0.01667073894575227,
        0.015082243453575561
      ],
      [
        0.908363890460719,
        0.02671702201544423,
        0.014928774664037742,
        0.018237330460471178,
        0.01667073894575227,
        0.015082243453575561
      ],
      [
        0.8902760081164814,
        0.041830055762981565,
        0.014957315727315075,
        0.01944046732812977,
        0.018366263424340678,
        0.015129889640751328
      ],
      [
        0.8902760081164814,
        0.041830055762981565,
        0.014957315727315075,
        0.01944046732812977,
        0.018366263424340678,
        0.015129889640751328
      ],
      [
        0.8902760081164814,
        0.041830055762981565,
        0.014957315727315075,
        0.01944046732812977,
        0.018366263424340678,
        0.015129889640751328
      ],
      [
        0.8902760081164814,
        0.041830055762981565,
        0.014957315727315075,
        0.01944046732812977,
        0.018366263424340678,
        0.015129889640751328
      ],
      [
        0.8886192241547505,
        0.035821219705917805,
        0.022144390533743626,
        0.01935754072697491,
        0.018879391117950547,
        0.015178233760662699
      ],
      [
        0.9257395188024544,
        0.014898405547701886,
        0.014898405547701886,
        0.014782632277219902,
        0.014782632277219902,
        0.014898405547701886
      ]
    ],
    [
      [
        0.9257652598013248,
        0.014891944976955823,
        0.014891944976955823,
        0.014779452633903845,
        0.014779452633903845,
        0.014891944976955823
      ],
      [
        0.09043948624209956,
        0.03943332434502104,
        0.01653163760898919,
        0.026905766444626077,
        0.8104902366397537,
        0.01619954871951025
      ],
      [
        0.0895319020262518,
        0.03931269847658965,
        0.014985978014139808,
        0.026576105111526832,
        0.8134634263007928,
        0.01612989007069904
      ],
      [
        0.9026224402368699,
        0.028081408245109435,
        0.015212539137514833,
        0.01993140102343889,
        0.018315342971030844,
        0.015836868386036
      ],
      [
        0.9026224402368699,
        0.028081408245109435,
        0.015212539137514833,
        0.01993140102343889,
        0.018315342971030844,
        0.015836868386036
      ],
      [
        0.11722772610711163,
        0.08962416204329461,
        0.015090763992858452,
        0.029257579611072726,
        0.7321459482813704,
        0.016653819964292257
      ],
      [
        0.8703988459615966,
        0.05638554363700359,
        0.015316058934733097,
        0.021607804143853944,
        0.020225271960118262,
        0.016066475362694482
      ],
      [
        0.17442716464465627,
        0.09549978231948836,
        0.015121408057163353,
        0.03039919811707214,
        0.6677454065758033,
        0.01680704028581676
      ],
      [
        0.8887136470896718,
        0.03938537335011443,
        0.015259877472204825,
        0.02097784730404493,
        0.01972139507093658,
        0.015941859713027317
      ],
      [
        0.11722772610711163,
        0.08962416204329461,
        0.015090763992858452,
        0.029257579611072726,
        0.7321459482813704,
        0.016653819964292257
      ],
      [
        0.8795165137369666,
        0.04957692854197063,
        0.01523811273761223,
        0.020440902740656727,
        0.019311719852127294,
        0.015915822390666395
      ],
      [
        0.8960319145696723,
        0.03410446157802911,
        0.015191756373383871,
        0.019946345820063563,
        0.01891443773958526,
        0.015811083919265743
      ],
      [
        0.12913831952943092,
        0.07274050958903823,
        0.015009817015942981,
        0.025932608359862934,
        0.74092966042601,
        0.016249085079714908
      ],
      [
        0.06928677572458881,
        0.03360748705029394,
        0.014971842513866036,
        0.03601880569710763,
        0.8300558764448134,
        0.016059212569330177
      ],
      [
        0.08298393314112516,
        0.048089817663447984,
        0.014972725199714893,
        0.024587821522451744,
        0.8133020764746858,
        0.016063625998574464
      ],
      [
        0.8846477661720283,
        0.04578764080572841,
        0.015166378659804436,
        0.019839774011176762,
        0.01881716041976019,
        0.015741279931501817
      ],
      [
        0.8960319145696723,
        0.03410446157802911,
        0.015191756373383871,
        0.019946345820063563,
        0.01891443773958526,
        0.015811083919265743
      ],
      [
        0.9062089867422601,
        0.025790138824492492,
        0.015159918887901302,
        0.01921182031681458,
        0.01788997936633696,
        0.015739155862194536
      ],
      [
        0.8578334089325451,
        0.05825098077419954,
        0.015366551010314741,
        0.03188679273567669,
        0.020461314129600998,
        0.016200952417662895
      ],
      [
        0.8578334089325451,
        0.05825098077419954,
        0.015366551010314741,
        0.03188679273567669,
        0.020461314129600998,
        0.016200952417662895
      ],
      [
        0.8593787619292641,
        0.05833080401206017,
        0.015367772710926226,
        0.02189103474114778,
        0.028827923139944735,
        0.016203703466657032
      ],
      [
        0.0743874965363983,
        0.0356478533575713,
        0.015015388025578055,
        0.025418276542762346,
        0.8332540454097996,
        0.01627694012789028
      ],
      [
        0.8925891115911534,
        0.03640678092133682,
        0.015238480424469136,
        0.020498726687130746,
        0.019354339772949494,
        0.015912560602960375
      ],
      [
        0.07487855444601084,
        0.03569285333459116,
        0.016564117418934904,
        0.025638558030270826,
        0.8308987970272507,
        0.01632711974294163
      ],
      [
        0.9251034112927867,
        0.015054538009617353,
        0.015054538009617353,
        0.014866487339180591,
        0.014866487339180591,
        0.015054538009617353
      ],
      [
        0.9253865756060259,
        0.014985445447056867,
        0.014985445447056867,
        0.014828544026401807,
        0.014828544026401807,
        0.014985445447056867
      ],
      [
        0.9253865756060259,
        0.014985445447056867,
        0.014985445447056867,
        0.014828544026401807,
        0.014828544026401807,
        0.014985445447056867
      ],
      [
        0.9023295101769575,
        0.028995994362675824,
        0.018447272075232415,
        0.018360850383609996,
        0.01674814247929306,
        0.015118230522231114
      ],
      [
        0.908363890460719,
        0.02671702201544423,
        0.014928774664037742,
        0.018237330460471178,
        0.01667073894575227,
        0.015082243453575561
      ],
      [
        0.9111595948040979,
        0.02358293527985425,
        0.014960073209172722,
        0.018340155118353983,
        0.016794792571095778,
        0.015162449017425297
      ],
      [
        0.8995884337127321,
        0.029825938896825027,
        0.0152041979632275,
        0.02112852403115064,
        0.01858652596654532,
        0.015666379429519376
      ],
      [
        0.9111595948040979,
        0.02358293527985425,
        0.014960073209172722,
        0.018340155118353983,
        0.016794792571095778,
        0.015162449017425297
      ],
      [
        0.908363890460719,
        0.02671702201544423,
        0.014928774664037742,
        0.018237330460471178,
        0.01667073894575227,
        0.015082243453575561
      ],
      [
        0.08885278697595946,
        0.036525571453413744,
        0.014813368879080174,
        0.02404208339854607,
        0.8204993448975997,
        0.015266844395400877
      ],
      [
        0.908363890460719,
        0.02671702201544423,
        0.014928774664037742,
        0.018237330460471178,
        0.01667073894575227,
        0.015082243453575561
      ],
      [
        0.8902760081164814,
        0.041830055762981565,
        0.014957315727315075,
        0.01944046732812977,
        0.018366263424340678,
        0.015129889640751328
      ],
      [
        0.1268769754429256,
        0.06828886111020918,
        0.014830458059605109,
        0.026045476584737597,
        0.7486059385044967,
        0.015352290298025546
      ],
      [
        0.08688507121554838,
        0.7191045162884486,
        0.026355654710061037,
        0.11346251475532801,
        0.0385406258000635,
        0.015651617230550464
      ],
      [
        0.8886192241547505,
        0.035821219705917805,
        0.022144390533743626,
        0.01935754072697491,
        0.018879391117950547,
        0.015178233760662699
      ],
      [
        0.9262167813538227,
        0.014778620433957976,
        0.014778620433957976,
        0.014723678672151621,
        0.014723678672151621,
        0.014778620433957976
      ]
    ],
    [
      [
        0.9262414386092432,
        0.014772431865136281,
        0.014772431865136281,
        0.0147206328976739,
        0.0147206328976739,
        0.014772431865136281
      ],
      [
        0.8958734861732947,
        0.03076673144686367,
        0.019384395800332563,
        0.01999407998033783,
        0.018225555514416958,
        0.015755751084754292
      ],
      [
        0.9025684328268647,
        0.028670647699888176,
        0.0151652813531973,
        0.01981167824599372,
        0.018089678719421468,
        0.015694281154634532
      ],
      [
        0.8703988459615966,
        0.05638554363700359,
        0.015316058934733097,
        0.021607804143853944,
        0.020225271960118262,
        0.016066475362694482
      ],
      [
        0.8887136470896718,
        0.03938537335011443,
        0.015259877472204825,
        0.02097784730404493,
        0.01972139507093658,
        0.015941859713027317
      ],
      [
        0.10829478457950893,
        0.06039838913579975,
        0.01505671786668522,
        0.027989220188829447,
        0.7717772988957505,
        0.016483589333426106
      ],
      [
        0.10580990537179308,
        0.7048051187877316,
        0.02663697672756496,
        0.10720392856515037,
        0.038179743476413834,
        0.017364327071346036
      ],
      [
        0.8887136470896718,
        0.03938537335011443,
        0.015259877472204825,
        0.02097784730404493,
