{
  "prediction": [
    [
      [
        0.5150235415757334,
        0.15443704642029218,
        0.20969197664243452,
        0.09137769880281119,
        0.014752921557307511,
        0.014716815001421225
      ],
      [
        0.5150235415757334,
        0.15443704642029218,
        0.20969197664243452,
        0.09137769880281119,
        0.014752921557307511,
        0.014716815001421225
      ],
      [
        0.5150235415757334,
        0.15443704642029218,
        0.20969197664243452,
        0.09137769880281119,
        0.014752921557307511,
        0.014716815001421225
      ],
      [
        0.5150235415757334,
        0.15443704642029218,
        0.20969197664243452,
        0.09137769880281119,
        0.014752921557307511,
        0.014716815001421225
      ],
      [
        0.5150235415757334,
        0.15443704642029218,
        0.20969197664243452,
        0.09137769880281119,
        0.014752921557307511,
        0.014716815001421225
      ],
      [
        0.5150235415757334,
        0.15443704642029218,
        0.20969197664243452,
        0.09137769880281119,
        0.014752921557307511,
        0.014716815001421225
      ],
      [
        0.516003924754081,
        0.19131743215515598,
        0.1842631149309476,
        0.07896285803248915,
        0.01473656092622853,
        0.014716109201097897
      ],
      [
        0.5179958690240076,
        0.21370688744998134,
        0.16798486079573505,
        0.07086695511085665,
        0.014729806734816265,
        0.014715620884603058
      ],
      [
        0.5171031629607707,
        0.20516522247602953,
        0.17425911850690928,
        0.0740197152020623,
        0.014736636368084652,
        0.014716144486143432
      ],
      [
        0.5150235415757334,
        0.15443704642029218,
        0.20969197664243452,
        0.09137769880281119,
        0.014752921557307511,
        0.014716815001421225
      ],
      [
        0.5150235415757334,
        0.15443704642029218,
        0.20969197664243452,
        0.09137769880281119,
        0.014752921557307511,
        0.014716815001421225
      ],
      [
        0.5150235415757334,
        0.15443704642029218,
        0.20969197664243452,
        0.09137769880281119,
        0.014752921557307511,
        0.014716815001421225
      ],
      [
        0.5150235415757334,
        0.15443704642029218,
        0.20969197664243452,
        0.09137769880281119,
        0.014752921557307511,
        0.014716815001421225
      ],
      [
        0.5154515789142998,
        0.18112643479783583,
        0.19146179652346568,
        0.08250358769327966,
        0.014740287342444234,
        0.014716314728674738
      ],
      [
        0.5166231985069173,
        0.19970569416860787,
        0.17823918595086324,
        0.07598216328720543,
        0.014733825441514869,
        0.014715932644891344
      ],
      [
        0.5173850734706478,
        0.20800613675928362,
        0.17219026354273173,
        0.07297140739276962,
        0.014731368258672734,
        0.014715750575894668
      ],
      [
        0.5181594712358144,
        0.21512864134819412,
        0.16692954598288792,
        0.07033732158112922,
        0.014729431938311286,
        0.014715587913663179
      ],
      [
        0.5202147055047138,
        0.23044601063973125,
        0.15539435839390311,
        0.06450398720074507,
        0.014725722837140538,
        0.014715215423766312
      ],
      [
        0.5181594712358144,
        0.21512864134819412,
        0.16692954598288792,
        0.07033732158112922,
        0.014729431938311286,
        0.014715587913663179
      ],
      [
        0.5160763265224747,
        0.19241329145096944,
        0.18348120257257458,
        0.078576905172933,
        0.014736187748134962,
        0.01471608653291337
      ],
      [
        0.5150235415757334,
        0.15443704642029218,
        0.20969197664243452,
        0.09137769880281119,
        0.014752921557307511,
        0.014716815001421225
      ],
      [
        0.45503123611893875,
        0.14216032009668692,
        0.17842560791057552,
        0.13285844305269345,
        0.061097919114411384,
        0.030426473706694046
      ],
      [
        0.45503123611893875,
        0.14216032009668692,
        0.17842560791057552,
        0.13285844305269345,
        0.061097919114411384,
        0.030426473706694046
      ],
      [
        0.4556892027997838,
        0.16993235747543423,
        0.16558474591869218,
        0.12297351230212866,
        0.0551628335475127,
        0.030657347956448477
      ],
      [
        0.4547422370786725,
        0.14148787562711143,
        0.17756183807629422,
        0.1322329595983607,
        0.06287060627888501,
        0.03110448334067597
      ],
      [
        0.4547422370786725,
        0.14148787562711143,
        0.17756183807629422,
        0.1322329595983607,
        0.06287060627888501,
        0.03110448334067597
      ],
      [
        0.4547422370786725,
        0.14148787562711143,
        0.17756183807629422,
        0.1322329595983607,
        0.06287060627888501,
        0.03110448334067597
      ],
      [
        0.45503123611893875,
        0.14216032009668692,
        0.17842560791057552,
        0.13285844305269345,
        0.061097919114411384,
        0.030426473706694046
      ],
      [
        0.45503123611893875,
        0.14216032009668692,
        0.17842560791057552,
        0.13285844305269345,
        0.061097919114411384,
        0.030426473706694046
      ],
      [
        0.45503123611893875,
        0.14216032009668692,
        0.17842560791057552,
        0.13285844305269345,
        0.061097919114411384,
        0.030426473706694046
      ],
      [
        0.4545620583374336,
        0.14105783856158033,
        0.17700944592848894,
        0.131832948207757,
        0.06399812095623773,
        0.031539588008502435
      ],
      [
        0.45503123611893875,
        0.14216032009668692,
        0.17842560791057552,
        0.13285844305269345,
        0.061097919114411384,
        0.030426473706694046
      ],
      [
        0.4547924537011183,
        0.1416062285478563,
        0.17771386502775838,
        0.13234304809792866,
        0.06255945953711704,
        0.030984945088221277
      ],
      [
        0.4547924537011183,
        0.1416062285478563,
        0.17771386502775838,
        0.13234304809792866,
        0.06255945953711704,
        0.030984945088221277
      ],
      [
        0.4547422370786725,
        0.14148787562711143,
        0.17756183807629422,
        0.1322329595983607,
        0.06287060627888501,
        0.03110448334067597
      ],
      [
        0.4547422370786725,
        0.14148787562711143,
        0.17756183807629422,
        0.1322329595983607,
        0.06287060627888501,
        0.03110448334067597
      ],
      [
        0.5150235415757334,
        0.15443704642029218,
        0.20969197664243452,
        0.09137769880281119,
        0.014752921557307511,
        0.014716815001421225
      ],
      [
        0.5150235415757334,
        0.15443704642029218,
        0.20969197664243452,
        0.09137769880281119,
        0.014752921557307511,
        0.014716815001421225
      ],
      [
        0.5150235415757334,
        0.15443704642029218,
        0.20969197664243452,
        0.09137769880281119,
        0.014752921557307511,
        0.014716815001421225
      ],
      [
        0.5150235415757334,
        0.15443704642029218,
        0.20969197664243452,
        0.09137769880281119,
        0.014752921557307511,
        0.014716815001421225
      ]
    ],
    [
      [
        0.5150235415757334,
        0.15443704642029218,
        0.20969197664243452,
        0.09137769880281119,
        0.014752921557307511,
        0.014716815001421225
      ],
      [
        0.48343847319690836,
        0.14451748482844406,
        0.14761528637641635,
        0.0813162069165354,
        0.11426998219156477,
        0.028842566490130978
      ],
      [
        0.48343847319690836,
        0.14451748482844406,
        0.14761528637641635,
        0.0813162069165354,
        0.11426998219156477,
        0.028842566490130978
      ],
      [
        0.2719231329800194,
        0.12849319303881493,
        0.1304882307327954,
        0.08059786126113473,
        0.36030605658382575,
        0.028191525403409745
      ],
      [
        0.23805016303959833,
        0.1658289806979619,
        0.12985732111189832,
        0.0782515082642988,
        0.36034508683538996,
        0.027666940050852705
      ],
      [
        0.4466234390143609,
        0.21726008644228156,
        0.1503058473068447,
        0.08307455614934373,
        0.07657365613883631,
        0.02616241494833279
      ],
      [
        0.399272550245607,
        0.24683478849111798,
        0.16716098946782387,
        0.0931081727041414,
        0.06891220772109412,
        0.024711291370215504
      ],
      [
        0.3827730148507274,
        0.2604191254174014,
        0.17014358993689258,
        0.09616597450974079,
        0.06628361096721516,
        0.024214684318022546
      ],
      [
        0.3577751492702092,
        0.2254912338799631,
        0.1959210175431239,
        0.10252351436932913,
        0.085527084148823,
        0.03276200078855167
      ],
      [
        0.35972782212249493,
        0.22433433621546142,
        0.19670923848816055,
        0.10037765733693987,
        0.08597304181694476,
        0.03287790401999844
      ],
      [
        0.3953336575762118,
        0.2345967101342804,
        0.17258429779440276,
        0.08736705461391764,
        0.08004428336775343,
        0.030073996513433926
      ],
      [
        0.17735549498048636,
        0.24047820803165781,
        0.15567758744155882,
        0.09228679706607158,
        0.309574576177608,
        0.024627336302617438
      ],
      [
        0.4288938807889724,
        0.21262097469807686,
        0.15456154335259908,
        0.08564134978981652,
        0.08662285842795013,
        0.031659392942585005
      ],
      [
        0.4344726941204246,
        0.22222288912754376,
        0.15216757137121525,
        0.09073991679461918,
        0.07460700777446935,
        0.025789920811727818
      ],
      [
        0.40191395531074653,
        0.23428378426155896,
        0.162846923738742,
        0.08921107325854742,
        0.08135385102885585,
        0.0303904124015493
      ],
      [
        0.45406131610353745,
        0.22942628330954803,
        0.14802461333845449,
        0.07270601190202285,
        0.07070278069779608,
        0.025078994648640912
      ],
      [
        0.446029105185043,
        0.2361237879126347,
        0.15243626926255274,
        0.07102184475223383,
        0.06953222034810981,
        0.024856772539426017
      ],
      [
        0.3520436596979363,
        0.23973855422262624,
        0.20217496965023313,
        0.08952065782720352,
        0.08412794945476473,
        0.03239420914723621
      ],
      [
        0.37820252740521026,
        0.2516661640168572,
        0.18232369521844916,
        0.08185557335211532,
        0.07668716855192792,
        0.029264871455439836
      ],
      [
        0.3818992863847622,
        0.24731047344687823,
        0.18426128401409048,
        0.07970863206975844,
        0.07738760289480373,
        0.029432721189706808
      ],
      [
        0.37492345977748837,
        0.25086821641580204,
        0.18811161028929388,
        0.07501048291257546,
        0.08049918182346895,
        0.030587048781371112
      ],
      [
        0.38055478335633075,
        0.20454156456284536,
        0.23165785396968,
        0.07135518142805612,
        0.06956256070442589,
        0.04232805597866195
      ],
      [
        0.45484017944478017,
        0.19225770124883274,
        0.15245712571620249,
        0.09018142297001465,
        0.07587877516385332,
        0.034384795456316584
      ],
      [
        0.4548427603967731,
        0.19592431072790928,
        0.14762449202999745,
        0.08989851211622628,
        0.07715583850704683,
        0.03455408622204708
      ],
      [
        0.45337685952383483,
        0.18670219499384938,
        0.14577421924521303,
        0.09431120161112144,
        0.08011337649835928,
        0.03972214812762201
      ],
      [
        0.4533165287095451,
        0.1857547848218727,
        0.14498786619020454,
        0.09764591085486395,
        0.07878798403608023,
        0.03950692538743349
      ],
      [
        0.4542817705354098,
        0.18974490402574085,
        0.14741115750080228,
        0.09899529616330051,
        0.07395800593401868,
        0.03560886584072778
      ],
      [
        0.45479315639568674,
        0.190821599368461,
        0.15194438811111105,
        0.09754146309791704,
        0.06991254495885807,
        0.034986848067965835
      ],
      [
        0.20987110403173756,
        0.1871945982238802,
        0.1443994153338393,
        0.10432587397379528,
        0.3137605577673273,
        0.04044845066942022
      ],
      [
        0.25813585375813397,
        0.3878878495306483,
        0.1650619628707158,
        0.071795175386444,
        0.06678584381557022,
        0.05033331463848755
      ],
      [
        0.3444529784101062,
        0.2020848500278332,
        0.25983884555722936,
        0.07836759532599977,
        0.06955475713560738,
        0.04570097354322408
      ],
      [
        0.26632705334379303,
        0.28067662819623396,
        0.2485640418131924,
        0.0769915437519552,
        0.07274969402620216,
        0.054691038868623254
      ],
      [
        0.3712257909382798,
        0.2875056490392578,
        0.1561088187482977,
        0.07512358624581097,
        0.06831864972040645,
        0.04171750530794716
      ],
      [
        0.45463056237747085,
        0.1861393299101729,
        0.1564529377704269,
        0.09437184151047665,
        0.07424860508666432,
        0.03415672334478847
      ],
      [
        0.45382082352683256,
        0.1795838447955993,
        0.1533737711369442,
        0.09586772717107157,
        0.08363881833001084,
        0.03371501503954157
      ],
      [
        0.4529263630076883,
        0.17825134141632057,
        0.14399207680132622,
        0.09843144042571611,
        0.09042507113928941,
        0.035973707209659304
      ],
      [
        0.4933212338851308,
        0.16617174765892073,
        0.1362129364751534,
        0.06951997451415894,
        0.1069523274154648,
        0.02782178005117123
      ],
      [
        0.4910434003586996,
        0.13685536518914482,
        0.1494206652521546,
        0.08241853554022005,
        0.11229429991253564,
        0.02796773374724526
      ],
      [
        0.4910434003586996,
        0.13685536518914482,
        0.1494206652521546,
        0.08241853554022005,
        0.11229429991253564,
        0.02796773374724526
      ],
      [
        0.5150235415757334,
        0.15443704642029218,
        0.20969197664243452,
        0.09137769880281119,
        0.014752921557307511,
        0.014716815001421225
      ]
    ],
    [
      [
        0.5150235415757334,
        0.15443704642029218,
        0.20969197664243452,
        0.09137769880281119,
        0.014752921557307511,
        0.014716815001421225
      ],
      [
        0.2719231329800194,
        0.12849319303881493,
        0.1304882307327954,
        0.08059786126113473,
        0.36030605658382575,
        0.028191525403409745
      ],
      [
        0.4843382700107771,
        0.17135877017613804,
        0.07831121317760034,
        0.1033274940591799,
        0.11733100592265176,
        0.045333246653652765
      ],
      [
        0.4902285809485607,
        0.18167026164627179,
        0.09071244384853142,
        0.08244468149109747,
        0.1108053641138591,
        0.044138667951679575
      ],
      [
        0.20809428619129192,
        0.22098174111119545,
        0.10471835109813882,
        0.08942090493959436,
        0.3355219815030098,
        0.04126273515676951
      ],
      [
        0.4167231430349637,
        0.242806489477618,
        0.13194433958627488,
        0.09369911284982237,
        0.07610545046563667,
        0.03872146458568442
      ],
      [
        0.04495002708815859,
        0.12368677900948653,
        0.058288410036482316,
        0.07143092338127001,
        0.04438133895994629,
        0.6572625215246563
      ],
      [
        0.04477671296248659,
        0.1262770122149208,
        0.05875345402265609,
        0.0716024399746368,
        0.04420853443649383,
        0.6543818463888059
      ],
      [
        0.12490579351586785,
        0.4864952680805013,
        0.12044650346613488,
        0.09147930035327587,
        0.11365938982661271,
        0.06301374475760721
      ],
      [
        0.19912148179366002,
        0.3117185550426357,
        0.10829616222023701,
        0.09624630728340484,
        0.23979794319244097,
        0.04481955046762146
      ],
      [
        0.20128985627360954,
        0.30970463104257245,
        0.10688396194529243,
        0.09458253312644589,
        0.24233844614710445,
        0.04520057146497534
      ],
      [
        0.43682936771098824,
        0.1715142782598413,
        0.11581478000915163,
        0.1392713197603409,
        0.0955593484510593,
        0.0410109058086186
      ],
      [
        0.22338719379542354,
        0.15399471472035633,
        0.10017181520193638,
        0.12351571968861802,
        0.3508256329825324,
        0.04810492361113323
      ],
      [
        0.4369880171407559,
        0.17394689433484206,
        0.11241787918691257,
        0.1399705856307381,
        0.09564369075611331,
        0.04103293295063799
      ],
      [
        0.39946712530150874,
        0.16539218682262097,
        0.11116947956768454,
        0.1329584082447442,
        0.14295418756666362,
        0.04805861249677774
      ],
      [
        0.14228688621478075,
        0.31332380336341287,
        0.10722785984563213,
        0.09663968973544325,
        0.2934796894313539,
        0.047042071409377065
      ],
      [
        0.2800663797356411,
        0.40664603527920795,
        0.10974788756204198,
        0.07369044536002205,
        0.0825709993967691,
        0.04727825266631788
      ],
      [
        0.1416458098735174,
        0.3189551924120145,
        0.11129021489598898,
        0.16029508150896835,
        0.2129344441420443,
        0.054879257167466534
      ],
      [
        0.2782533843899457,
        0.4066172018490777,
        0.11437669521807961,
        0.07175464839922989,
        0.08200322605341509,
        0.04699484409025213
      ],
      [
        0.18570645057493823,
        0.16943662171855928,
        0.10639413959858053,
        0.12145949394596647,
        0.3774792983126044,
        0.03952399584935096
      ],
      [
        0.3749793132325164,
        0.308348529292138,
        0.11910567219480847,
        0.07651266018603167,
        0.07461506050139355,
        0.04643876459311184
      ],
      [
        0.1722785990924496,
        0.269787673089732,
        0.11851963574000224,
        0.09239519261143687,
        0.28011733913216563,
        0.06690156033421372
      ],
      [
        0.1798791614056401,
        0.1927190286126011,
        0.1172401070307863,
        0.08986049393921372,
        0.3781900990293107,
        0.04211110998244806
      ],
      [
        0.45322539708746223,
        0.19883437298988388,
        0.12527434835789164,
        0.09093084736535431,
        0.0898285016129247,
        0.04190653258648318
      ],
      [
        0.4533442207648845,
        0.20084992301893637,
        0.12546485019973488,
        0.09611746658708437,
        0.08044587814705681,
        0.04377766128230289
      ],
      [
        0.4517446881465632,
        0.17610656592415339,
        0.11390427492411137,
        0.12761479948493418,
        0.08908743507093876,
        0.041542236449299184
      ],
      [
        0.4528558152564016,
        0.19525035629005094,
        0.12837120877973796,
        0.10018873665796248,
        0.07734115191657105,
        0.04599273109927591
      ],
      [
        0.30433342614209474,
        0.38891174309630444,
        0.11727295362288372,
        0.07469371126171949,
        0.06552053083298437,
        0.0492676350440132
      ],
      [
        0.26305926657003825,
        0.4091243404244835,
        0.12575446112135968,
        0.08184299410571037,
        0.07223906556067534,
        0.04797987221773292
      ],
      [
        0.2128186991373491,
        0.19381885508885377,
        0.13158409998498521,
        0.10656148773903591,
        0.3032459901092407,
        0.05197086794053524
      ],
      [
        0.26181333789260475,
        0.4116749316148689,
        0.13066927430611833,
        0.07621174587769051,
        0.0718726809206985,
        0.047758029388018895
      ],
      [
        0.1404976039605349,
        0.31240402721717586,
        0.12761306737175998,
        0.09532600603569541,
        0.2734334564097854,
        0.050725839005048526
      ],
      [
        0.15742639252722665,
        0.300423154166609,
        0.11916656437001891,
        0.08122273778628612,
        0.29254896275734993,
        0.04921218839250953
      ],
      [
        0.16081958146320338,
        0.2936822337866401,
        0.1143760681742934,
        0.08218856839451524,
        0.29882415468677154,
        0.050109393494576396
      ],
      [
        0.45254820168363186,
        0.19138553075663692,
        0.1254057945371863,
        0.09764167740928135,
        0.09056074864493881,
        0.04245804696832484
      ],
      [
        0.4520149354464538,
        0.18967382640034164,
        0.11351585057664185,
        0.10021025776598613,
        0.1009079930485338,
        0.04367713676204277
      ],
      [
        0.23561244766999495,
        0.20186235645131423,
        0.08666802282975537,
        0.07029565954502337,
        0.36095260968504417,
        0.044608903818867784
      ],
      [
        0.4861780317275104,
        0.18554134699636715,
        0.08506817455933482,
        0.08373401085853886,
        0.11430325974952785,
        0.04517517610872097
      ],
      [
        0.4910434003586996,
        0.13685536518914482,
        0.1494206652521546,
        0.08241853554022005,
        0.11229429991253564,
        0.02796773374724526
      ],
      [
        0.5150235415757334,
        0.15443704642029218,
        0.20969197664243452,
        0.09137769880281119,
        0.014752921557307511,
        0.014716815001421225
      ]
    ],
    [
      [
        0.5150235415757334,
        0.15443704642029218,
        0.20969197664243452,
        0.09137769880281119,
        0.014752921557307511,
        0.014716815001421225
      ],
      [
        0.48343847319690836,
        0.14451748482844406,
        0.14761528637641635,
        0.0813162069165354,
        0.11426998219156477,
        0.028842566490130978
      ],
      [
        0.4902285809485607,
        0.18167026164627179,
        0.09071244384853142,
        0.08244468149109747,
        0.1108053641138591,
        0.044138667951679575
      ],
      [
        0.47168550424017125,
        0.21746455973212298,
        0.10395418778095059,
        0.07827436657140202,
        0.08594051554089961,
        0.04268086613445368
      ],
      [
        0.4286329794857685,
        0.2449675502607762,
        0.12351120438971429,
        0.08506236913698491,
        0.07824326822812466,
        0.03958262849863146
      ],
      [
        0.4617794224536106,
        0.22319784820703187,
        0.1205783647418476,
        0.07956264284990006,
        0.07609104634388923,
        0.0387906754037208
      ],
      [
        0.3078374203020785,
        0.3899132501364951,
        0.10662288986748603,
        0.08279393389569681,
        0.06458605361190373,
        0.0482464521863397
      ],
      [
        0.26412361791782507,
        0.31544866452692694,
        0.11668859856256907,
        0.15953088599089954,
        0.08996119705324167,
        0.054247035948537664
      ],
      [
        0.41147142435638356,
        0.17556418732539994,
        0.11315813621885638,
        0.12596173353436094,
        0.12815370071952203,
        0.045690817845477155
      ],
      [
        0.27815293663978796,
        0.39948959970547165,
        0.11216108992280474,
        0.08122296115975206,
        0.0819859698971931,
        0.046987442674990554
      ],
      [
        0.307851588565693,
        0.38737601919825543,
        0.10918796803226004,
        0.08279165748985902,
        0.06456436632030828,
        0.04822840039362429
      ],
      [
        0.4371400890840911,
        0.1756390134315975,
        0.116115974766271,
        0.13753512992038747,
        0.0928511288732917,
        0.0407186639243611
      ],
      [
        0.43700435065523435,
        0.17409447022670052,
        0.11574131413353465,
        0.13810973097347382,
        0.09418429202537483,
        0.04086584198568194
      ],
      [
        0.14347242802199797,
        0.3057101537509319,
        0.10719898019173046,
        0.10027132573175121,
        0.29598638367720853,
        0.04736072862637994
      ],
      [
        0.4033690293654775,
        0.16023711155073556,
        0.10318241336196654,
        0.19400097816100184,
        0.08852591722762984,
        0.050684550333188506
      ],
      [
        0.2797165894485723,
        0.40369884163474345,
        0.11102783515509793,
        0.07588867931781314,
        0.08245074273472593,
        0.04721731170904709
      ],
      [
        0.19677824122677928,
        0.32180152736492157,
        0.1102534010298335,
        0.0897104869886992,
        0.23704719539620164,
        0.04440914799356474
      ],
      [
        0.12173835572589985,
        0.500994144100686,
        0.12437348214567172,
        0.08038012435484942,
        0.11084723745978348,
        0.061666656213109475
      ],
      [
        0.27612158191659336,
        0.4084469922818573,
        0.11539588069992078,
        0.07194664097760867,
        0.08139348193012627,
        0.04669542219389345
      ],
      [
        0.2980574859636652,
        0.32237276047553176,
        0.12028084427634105,
        0.08132425048512258,
        0.13477463500018566,
        0.04319002379915361
      ],
      [
        0.2984300571683528,
        0.3230242629185556,
        0.12092772917861784,
        0.07945215029435836,
        0.13493701891746263,
        0.04322878152265271
      ],
      [
        0.45371991364483727,
        0.20235415717360214,
        0.13166607501906633,
        0.09319173257290059,
        0.0738452000997588,
        0.04522292148983495
      ],
      [
        0.1496333916225238,
        0.3020828373555442,
        0.11949082117723474,
        0.08383914690260315,
        0.29139257087679615,
        0.05356123206529793
      ],
      [
        0.1501184169366825,
        0.30192283462596453,
        0.1166890009838438,
        0.0852501328235117,
        0.2922942351466052,
        0.0537253794833922
      ],
      [
        0.18524309813885065,
        0.18831050402647226,
        0.11066635689594431,
        0.09591955940816176,
        0.3781374737730053,
        0.04172300775756574
      ],
      [
        0.3993379914248591,
        0.16511801716678348,
        0.11515754059643502,
        0.131276723111134,
        0.14124328422211424,
        0.04786644347867409
      ],
      [
        0.3090809758159651,
        0.38442434044850177,
        0.11246326597381488,
        0.08090143857517036,
        0.06476659417396563,
        0.04836338501258227
      ],
      [
        0.360331680641848,
        0.30768105748214064,
        0.11939272605038845,
        0.08527981103163773,
        0.07939475408673624,
        0.0479199707072489
      ],
      [
        0.29663498760155266,
        0.31855330301897483,
        0.12181352894751049,
        0.08590600995599011,
        0.13407350407458812,
        0.04301866640138369
      ],
      [
        0.09167128059399661,
        0.5031465232451481,
        0.14969158537056804,
        0.09030117087218752,
        0.1033407736771547,
        0.061848666240944976
      ],
      [
        0.2859544974372525,
        0.3280368048050302,
        0.12895823586266086,
        0.08733038062719013,
        0.12279081088568064,
        0.046929270382185584
      ],
      [
        0.26195995135031047,
        0.41460457389912114,
        0.12664451906518806,
        0.07701428239387752,
        0.07196077563545993,
        0.047815897656042876
      ],
      [
        0.4538588201628346,
        0.1995995012045387,
        0.1313405154469635,
        0.09516179770910166,
        0.08088255776372154,
        0.03915680771283996
      ],
      [
        0.3827022010466326,
        0.30775042843414835,
        0.11192447800395691,
        0.07424488509151458,
        0.07611894334767765,
        0.04725906407606993
      ],
      [
        0.45332786308098694,
        0.20065514269213766,
        0.11926542685933664,
        0.09534714533231123,
        0.09091106865590222,
        0.04049335337932523
      ],
      [
        0.4518581952202687,
        0.19403676346309007,
        0.11207412157287704,
        0.09761759322080303,
        0.09509015033679297,
        0.04932317618616815
      ],
      [
        0.49413051676108233,
        0.20104911603455558,
        0.09093938750542338,
        0.06449572835934189,
        0.10553992304161233,
        0.04384532829798431
      ],
      [
        0.48657399431957044,
        0.1877256167774385,
        0.08556386125082237,
        0.08117502800456747,
        0.11380860219870996,
        0.04515289744889116
      ],
      [
        0.48343847319690836,
        0.14451748482844406,
        0.14761528637641635,
        0.0813162069165354,
        0.11426998219156477,
        0.028842566490130978
      ],
      [
        0.5150235415757334,
        0.15443704642029218,
        0.20969197664243452,
        0.09137769880281119,
        0.014752921557307511,
        0.014716815001421225
      ]
    ],
    [
      [
        0.5150235415757334,
        0.15443704642029218,
        0.20969197664243452,
        0.09137769880281119,
        0.014752921557307511,
        0.014716815001421225
      ],
      [
        0.48343847319690836,
        0.14451748482844406,
        0.14761528637641635,
        0.0813162069165354,
        0.11426998219156477,
        0.028842566490130978
      ],
      [
        0.26888469735955733,
        0.16728533835723666,
        0.07607755613479021,
        0.08185675433029702,
        0.3609019264684826,
        0.04499372734963621
      ],
      [
        0.21787997901670236,
        0.20840751026473184,
        0.09953463742632836,
        0.08043912684983588,
        0.3510215356208953,
        0.042717210821506243
      ],
      [
        0.4176939034229884,
        0.2520819780844363,
        0.13084814409850504,
        0.08430458205769652,
        0.0762797231897084,
        0.03879166914666545
      ],
      [
        0.029742834155678494,
        0.16022237026464947,
        0.05083865060902082,
        0.05810197107876859,
        0.029507287168893552,
        0.671586886722989
      ],
      [
        0.3727168183179889,
        0.3138139420155005,
        0.11215468999595206,
        0.08744357422606087,
        0.0700665971395062,
        0.04380437830499143
      ],
      [
        0.37016624942240345,
        0.3142880904781269,
        0.11373523026416868,
        0.08864006451535356,
        0.06961162583357461,
        0.04355873948637279
      ],
      [
        0.2885916983590516,
        0.39925553887371734,
        0.11151517099411891,
        0.08009802969434945,
        0.07364694122768317,
        0.04689262085107943
      ],
      [
        0.30937928288863475,
        0.38726704537698536,
        0.11073000055790085,
        0.07812430594414,
        0.06665571358667567,
        0.04784365164566342
      ],
      [
        0.1519490602342415,
        0.31612893599438063,
        0.1105083240502089,
        0.08996606769040225,
        0.2873848991655146,
        0.044062712865252096
      ],
      [
        0.3759196749566021,
        0.30876473688644146,
        0.11451421297173317,
        0.0860935413503957,
        0.07061163217942168,
        0.044096201655406
      ],
      [
        0.45331311673573027,
        0.19452089738095277,
        0.12662424609795478,
        0.10315968221175462,
        0.08377169703038678,
        0.038610360543220874
      ],
      [
        0.18724924479211277,
        0.16444584489117842,
        0.10351452568274605,
        0.1281576817964278,
        0.3774868753944643,
        0.03914582744307074
      ],
      [
        0.4532572765672112,
        0.19315349458266515,
        0.12696074850839986,
        0.10522145556640314,
        0.08291618625848272,
        0.03849083851683791
      ],
      [
        0.21026486456223564,
        0.16234863749450998,
        0.10673588796442716,
        0.12553504772481613,
        0.34909844660457406,
        0.046017115649436995
      ],
      [
        0.35343132767853513,
        0.3220709497399422,
        0.11754948718285049,
        0.08243331016516385,
        0.08087948357549052,
        0.04363544165801775
      ],
      [
        0.3103534343053104,
        0.32152292082046124,
        0.1167136588249073,
        0.08141660250511681,
        0.12688326827147622,
        0.04311011527272789
      ],
      [
        0.2890157848298079,
        0.4032145703562917,
        0.11528459691412134,
        0.071841188483283,
        0.07371609128938063,
        0.046927768127115445
      ],
      [
        0.30958040493868266,
        0.3214316782422154,
        0.118413066272417,
        0.08103101130279149,
        0.12652725327101144,
        0.04301658597288193
      ],
      [
        0.35534842133201106,
        0.28358698926140025,
        0.11527272300337646,
        0.09770003808222062,
        0.09079399615762493,
        0.057297832163366716
      ],
      [
        0.17832849322322292,
        0.37792940342923065,
        0.14058548544277844,
        0.09384438551811243,
        0.13631935008021445,
        0.07299288230644109
      ],
      [
        0.35620984263980165,
        0.2944561973594336,
        0.11535676607037472,
        0.08546417781391945,
        0.09256069059474975,
        0.05595232552172075
      ],
      [
        0.29563948966369985,
        0.2866083022984545,
        0.11189022257932903,
        0.13927949442757265,
        0.09679515591639899,
        0.06978733511454503
      ],
      [
        0.39316029146281956,
        0.20232281619119835,
        0.11374858373140527,
        0.09280807534578228,
        0.14643223550765888,
        0.05152799776113563
      ],
      [
        0.45353250352840363,
        0.19658143802219985,
        0.12710896578472067,
        0.10202774930271333,
        0.08232830087447565,
        0.03842104248748658
      ],
      [
        0.37293470769728454,
        0.3083107508214982,
        0.11608152624346428,
        0.08878218198332832,
        0.07008096782765347,
        0.0438098654267712
      ],
      [
        0.3090153321858994,
        0.38305161013748024,
        0.1138515081219971,
        0.07975902864066983,
        0.06655111518200173,
        0.04777140573195174
      ],
      [
        0.287128712344475,
        0.3977805892267895,
        0.11805642579833764,
        0.07715529059391796,
        0.07322768409726652,
        0.04665129793921331
      ],
      [
        0.159326674058461,
        0.3206627423798489,
        0.11731187163447965,
        0.09461849713550857,
        0.26255032185693916,
        0.04552989293476277
      ],
      [
        0.28602593129090526,
        0.4019860809521456,
        0.12053468265022563,
        0.07201469099615171,
        0.07294624123126049,
        0.04649237287931132
      ],
      [
        0.3690894903482374,
        0.3147807273358353,
        0.12150163398053589,
        0.08183969641245802,
        0.06936679466684147,
        0.04342165725609193
      ],
      [
        0.4540452073727272,
        0.20244618919954244,
        0.1275514963651818,
        0.09604871638137029,
        0.08157280498864217,
        0.03833558569253617
      ],
      [
        0.4131448300942572,
        0.20119395648508653,
        0.10989563791579762,
        0.13431963558841606,
        0.09584202612413292,
        0.04560391379230971
      ],
      [
        0.4534793094860801,
        0.20672786810588656,
        0.1163857141899687,
        0.09391681539797822,
        0.08490576388295594,
        0.04458452893713041
      ],
      [
        0.4527521311072464,
        0.2018769857848234,
        0.10967721237439845,
        0.09662354841343646,
        0.0932234454793166,
        0.045846676840778644
      ],
      [
        0.4924964990921352,
        0.19689068641560878,
        0.08912745756986076,
        0.07388488661495679,
        0.10174821626188901,
        0.04585225404554926
      ],
      [
        0.4854596762416816,
        0.18137139013708134,
        0.08357613713893382,
        0.09002657105675137,
        0.11441629558806829,
        0.04514992983748351
      ],
      [
        0.27289948968628097,
        0.12740186411717197,
        0.1294149837820999,
        0.07938598800880864,
        0.3632888096036826,
        0.027608864801955922
      ],
      [
        0.5150235415757334,
        0.15443704642029218,
        0.20969197664243452,
        0.09137769880281119,
        0.014752921557307511,
        0.014716815001421225
      ]
    ],
    [
      [
        0.5150235415757334,
        0.15443704642029218,
        0.20969197664243452,
        0.09137769880281119,
        0.014752921557307511,
        0.014716815001421225
      ],
      [
        0.4910434003586996,
        0.13685536518914482,
        0.1494206652521546,
        0.08241853554022005,
        0.11229429991253564,
        0.02796773374724526
      ],
      [
        0.4812176193197792,
        0.20160773878804453,
        0.07608291682854994,
        0.07966998343669743,
        0.11478211347271428,
        0.046639628154214595
      ],
      [
        0.49412732561812417,
        0.2031486004909438,
        0.0962880877652298,
        0.07109512210256268,
        0.09286638820383118,
        0.0424744758193084
      ],
      [
        0.4228268238491723,
        0.2511760004253935,
        0.12697450141428274,
        0.08265676980561737,
        0.07720244579842211,
        0.03916345870711197
      ],
      [
        0.3904435601036512,
        0.2718394060595333,
        0.14088246246478286,
        0.0884776626049528,
        0.07148867844364001,
        0.036868230323439874
      ],
      [
        0.13794031637613835,
        0.4048302092415456,
        0.09963730545258895,
        0.08386019942920103,
        0.2257819588549718,
        0.04795001064555428
      ],
      [
        0.15137554562071084,
        0.3172940416455323,
        0.1067081212197565,
        0.09446355414457981,
        0.2862119816052709,
        0.0439467557641497
      ],
      [
        0.1367124312928198,
        0.4001225562927336,
        0.10406441490072825,
        0.08769867939604165,
        0.2238286109116456,
        0.04757330720603118
      ],
      [
        0.1819898113958255,
        0.16976437276139728,
        0.10557806220789968,
        0.12648941832304456,
        0.37744627200980474,
        0.038732063302028226
      ],
      [
        0.4130250807726763,
        0.19799699106138036,
        0.1150201916894181,
        0.13633815721081274,
        0.09249151131294032,
        0.04512806795277229
      ],
      [
