{
  "prediction": [
    [
      [
        0.5150235415757334,
        0.15443704642029218,
        0.20969197664243452,
        0.09137769880281119,
        0.014752921557307511,
        0.014716815001421225
      ],
      [
        0.5150235415757334,
        0.15443704642029218,
        0.20969197664243452,
        0.09137769880281119,
        0.014752921557307511,
        0.014716815001421225
      ],
      [
        0.5150235415757334,
        0.15443704642029218,
        0.20969197664243452,
        0.09137769880281119,
        0.014752921557307511,
        0.014716815001421225
      ],
      [
        0.5150235415757334,
        0.15443704642029218,
        0.20969197664243452,
        0.09137769880281119,
        0.014752921557307511,
        0.014716815001421225
      ],
      [
        0.5150235415757334,
        0.15443704642029218,
        0.20969197664243452,
        0.09137769880281119,
        0.014752921557307511,
        0.014716815001421225
      ],
      [
        0.5150235415757334,
        0.15443704642029218,
        0.20969197664243452,
        0.09137769880281119,
        0.014752921557307511,
        0.014716815001421225
      ],
      [
        0.5150235415757334,
        0.15443704642029218,
        0.20969197664243452,
        0.09137769880281119,
        0.014752921557307511,
        0.014716815001421225
      ],
      [
        0.5150235415757334,
        0.15443704642029218,
        0.20969197664243452,
        0.09137769880281119,
        0.014752921557307511,
        0.014716815001421225
      ],
      [
        0.5150235415757334,
        0.15443704642029218,
        0.20969197664243452,
        0.09137769880281119,
        0.014752921557307511,
        0.014716815001421225
      ],
      [
        0.5150235415757334,
        0.15443704642029218,
        0.20969197664243452,
        0.09137769880281119,
        0.014752921557307511,
        0.014716815001421225
      ],
      [
        0.5150235415757334,
        0.15443704642029218,
        0.20969197664243452,
        0.09137769880281119,
        0.014752921557307511,
        0.014716815001421225
      ],
      [
        0.5150235415757334,
        0.15443704642029218,
        0.20969197664243452,
        0.09137769880281119,
        0.014752921557307511,
        0.014716815001421225
      ],
      [
        0.5150235415757334,
        0.15443704642029218,
        0.20969197664243452,
        0.09137769880281119,
        0.014752921557307511,
        0.014716815001421225
      ],
      [
        0.5150235415757334,
        0.15443704642029218,
        0.20969197664243452,
        0.09137769880281119,
        0.014752921557307511,
        0.014716815001421225
      ],
      [
        0.5150235415757334,
        0.15443704642029218,
        0.20969197664243452,
        0.09137769880281119,
        0.014752921557307511,
        0.014716815001421225
      ],
      [
        0.5150235415757334,
        0.15443704642029218,
        0.20969197664243452,
        0.09137769880281119,
        0.014752921557307511,
        0.014716815001421225
      ],
      [
        0.5150235415757334,
        0.15443704642029218,
        0.20969197664243452,
        0.09137769880281119,
        0.014752921557307511,
        0.014716815001421225
      ],
      [
        0.5150235415757334,
        0.15443704642029218,
        0.20969197664243452,
        0.09137769880281119,
        0.014752921557307511,
        0.014716815001421225
      ],
      [
        0.5150235415757334,
        0.15443704642029218,
        0.20969197664243452,
        0.09137769880281119,
        0.014752921557307511,
        0.014716815001421225
      ],
      [
        0.5150235415757334,
        0.15443704642029218,
        0.20969197664243452,
        0.09137769880281119,
        0.014752921557307511,
        0.014716815001421225
      ],
      [
        0.5150235415757334,
        0.15443704642029218,
        0.20969197664243452,
        0.09137769880281119,
        0.014752921557307511,
        0.014716815001421225
      ],
      [
        0.5150235415757334,
        0.15443704642029218,
        0.20969197664243452,
        0.09137769880281119,
        0.014752921557307511,
        0.014716815001421225
      ],
      [
        0.5150235415757334,
        0.15443704642029218,
        0.20969197664243452,
        0.09137769880281119,
        0.014752921557307511,
        0.014716815001421225
      ],
      [
        0.45497517549471284,
        0.1418618377179602,
        0.17808226241331138,
        0.13054450713818164,
        0.06343664496399806,
        0.03109957227183585
      ],
      [
        0.4547956875684713,
        0.1414254940920082,
        0.1775216318807786,
        0.130145653795371,
        0.06457657047423701,
        0.0315349621891338
      ],
      [
        0.45568909227291243,
        0.15776862889927432,
        0.17254496527614893,
        0.12641138853955003,
        0.05738827660603707,
        0.0301976484060772
      ],
      [
        0.4552631565021206,
        0.142544193747445,
        0.17895897883916118,
        0.13116822573471557,
        0.061644301756677636,
        0.030421143419879948
      ],
      [
        0.4541488063086249,
        0.15497129467398726,
        0.16681593358639962,
        0.12234792862796996,
        0.06861054191768155,
        0.033105494885336866
      ],
      [
        0.4552631565021206,
        0.142544193747445,
        0.17895897883916118,
        0.13116822573471557,
        0.061644301756677636,
        0.030421143419879948
      ],
      [
        0.4552631565021206,
        0.142544193747445,
        0.17895897883916118,
        0.13116822573471557,
        0.061644301756677636,
        0.030421143419879948
      ],
      [
        0.4541488063086249,
        0.15497129467398726,
        0.16681593358639962,
        0.12234792862796996,
        0.06861054191768155,
        0.033105494885336866
      ],
      [
        0.4547956875684713,
        0.1414254940920082,
        0.1775216318807786,
        0.130145653795371,
        0.06457657047423701,
        0.0315349621891338
      ],
      [
        0.4552631565021206,
        0.142544193747445,
        0.17895897883916118,
        0.13116822573471557,
        0.061644301756677636,
        0.030421143419879948
      ],
      [
        0.4552631565021206,
        0.142544193747445,
        0.17895897883916118,
        0.13116822573471557,
        0.061644301756677636,
        0.030421143419879948
      ],
      [
        0.45502520736454993,
        0.141981930706689,
        0.1782365623554214,
        0.13065428096909035,
        0.06312206074993032,
        0.030979957854319083
      ],
      [
        0.45502520736454993,
        0.141981930706689,
        0.1782365623554214,
        0.13065428096909035,
        0.06312206074993032,
        0.030979957854319083
      ],
      [
        0.45497517549471284,
        0.1418618377179602,
        0.17808226241331138,
        0.13054450713818164,
        0.06343664496399806,
        0.03109957227183585
      ],
      [
        0.4547956875684713,
        0.1414254940920082,
        0.1775216318807786,
        0.130145653795371,
        0.06457657047423701,
        0.0315349621891338
      ],
      [
        0.5150235415757334,
        0.15443704642029218,
        0.20969197664243452,
        0.09137769880281119,
        0.014752921557307511,
        0.014716815001421225
      ],
      [
        0.5150235415757334,
        0.15443704642029218,
        0.20969197664243452,
        0.09137769880281119,
        0.014752921557307511,
        0.014716815001421225
      ]
    ],
    [
      [
        0.5150235415757334,
        0.15443704642029218,
        0.20969197664243452,
        0.09137769880281119,
        0.014752921557307511,
        0.014716815001421225
      ],
      [
        0.27289948968628097,
        0.12740186411717197,
        0.1294149837820999,
        0.07938598800880864,
        0.3632888096036826,
        0.027608864801955922
      ],
      [
        0.4910434003586996,
        0.13685536518914482,
        0.1494206652521546,
        0.08241853554022005,
        0.11229429991253564,
        0.02796773374724526
      ],
      [
        0.4832854353877478,
        0.14829022733871916,
        0.14379050878691704,
        0.08400887929139515,
        0.1118759609743979,
        0.028748988220822724
      ],
      [
        0.48343847319690836,
        0.14451748482844406,
        0.14761528637641635,
        0.0813162069165354,
        0.11426998219156477,
        0.028842566490130978
      ],
      [
        0.48343847319690836,
        0.14451748482844406,
        0.14761528637641635,
        0.0813162069165354,
        0.11426998219156477,
        0.028842566490130978
      ],
      [
        0.48423764548363774,
        0.1577249978547206,
        0.14049982654193685,
        0.07753337214108061,
        0.1112557212347569,
        0.028748436743867227
      ],
      [
        0.46180651880636703,
        0.18826669560703518,
        0.14371160334031133,
        0.08014719244636148,
        0.0951660600005465,
        0.03090192979937848
      ],
      [
        0.4757129954884337,
        0.19147251147376346,
        0.13628650070925633,
        0.07352137474459984,
        0.09364655209523515,
        0.029360065488711708
      ],
      [
        0.456648584996555,
        0.19657214736826345,
        0.1498014076206089,
        0.09230365802646211,
        0.07820297954174721,
        0.026471222446363483
      ],
      [
        0.4368273859664206,
        0.20578249395652312,
        0.1576200039136805,
        0.09894452635084999,
        0.07496794892288206,
        0.0258576408896437
      ],
      [
        0.46412975787477184,
        0.20214388410398768,
        0.14518036731365436,
        0.08039468833456508,
        0.0800367145684958,
        0.02811458780452524
      ],
      [
        0.47764203389371634,
        0.20586058987880534,
        0.14406461364240897,
        0.07258269064267213,
        0.07412244055908793,
        0.025727631383309225
      ],
      [
        0.4093781256131021,
        0.2496704349225059,
        0.1692374225520524,
        0.07619213103639644,
        0.07050929737465218,
        0.02501258850129086
      ],
      [
        0.40458896982777676,
        0.23471013680826716,
        0.16399127693028842,
        0.07574693065073947,
        0.08832477366564538,
        0.03263791211728291
      ],
      [
        0.4478241209107209,
        0.2354064771344159,
        0.15212214103790092,
        0.06171793478004668,
        0.07673696988099077,
        0.026192356255924726
      ],
      [
        0.20262467189645014,
        0.22235108588622854,
        0.13027746111914654,
        0.06530201936334137,
        0.3531355323317751,
        0.026309229403058396
      ],
      [
        0.4625761602265376,
        0.17648768816731478,
        0.14281508301780108,
        0.07349369541473541,
        0.11306125778111126,
        0.03156611539249987
      ],
      [
        0.48343847319690836,
        0.14451748482844406,
        0.14761528637641635,
        0.0813162069165354,
        0.11426998219156477,
        0.028842566490130978
      ],
      [
        0.48343847319690836,
        0.14451748482844406,
        0.14761528637641635,
        0.0813162069165354,
        0.11426998219156477,
        0.028842566490130978
      ],
      [
        0.4844284976924586,
        0.14364267038392028,
        0.15036089909815284,
        0.07855934615437932,
        0.11423037750226724,
        0.028778209168821865
      ],
      [
        0.4847197283397383,
        0.15611216532551087,
        0.14175506143067804,
        0.07952364261485474,
        0.10929306889607225,
        0.02859633339314581
      ],
      [
        0.49266718110370744,
        0.167447277829091,
        0.136273953446092,
        0.08707278884195256,
        0.08862858798053139,
        0.027910210798625427
      ],
      [
        0.45220209043125087,
        0.17481913576938915,
        0.1364118978587664,
        0.10684899133631676,
        0.08882008262183134,
        0.040897801982445456
      ],
      [
        0.4529567241438261,
        0.17696273730233936,
        0.1437407159134542,
        0.10772753597713262,
        0.0791144929858024,
        0.039497793677445436
      ],
      [
        0.3842970953995908,
        0.27302573452917556,
        0.14778217933324997,
        0.08473756204434568,
        0.0689842278405624,
        0.041173200853075416
      ],
      [
        0.21398207802401029,
        0.17886097755006733,
        0.1389887414856255,
        0.10731834187903319,
        0.31985085623705395,
        0.04099900482420971
      ],
      [
        0.36718443488047775,
        0.2960187614344399,
        0.14721584781919084,
        0.08365900544370863,
        0.06615780585859449,
        0.039764144563588455
      ],
      [
        0.2904459032027835,
        0.2881209682073337,
        0.21378994653772082,
        0.08271837247338823,
        0.07230827300245547,
        0.05261653657631825
      ],
      [
        0.20760559164854528,
        0.29436117481852375,
        0.1374460684985785,
        0.08895643148819489,
        0.22857945193169013,
        0.0430512816144676
      ],
      [
        0.370015883505157,
        0.29877180334326076,
        0.14443119147098613,
        0.0801550785234819,
        0.06662753674811871,
        0.03999850640899539
      ],
      [
        0.45395134130618203,
        0.18353373112642174,
        0.1459795248350318,
        0.09865206069592869,
        0.08368174185313511,
        0.034201600183300575
      ],
      [
        0.4414820832659368,
        0.16116509548690847,
        0.13289766702271757,
        0.13171441578326418,
        0.09903147359192503,
        0.03370926484924779
      ],
      [
        0.1919691831842219,
        0.16765418703614005,
        0.12067255122981044,
        0.10147983230025955,
        0.37786395646616827,
        0.04036028978339978
      ],
      [
        0.19259073621522665,
        0.173303519361351,
        0.11929459727609705,
        0.09622831065159804,
        0.3781577468615431,
        0.040425089634184196
      ],
      [
        0.4540317055663285,
        0.19167168044718969,
        0.1378177826848948,
        0.09502635263012552,
        0.0859371442412268,
        0.035515334430234656
      ],
      [
        0.4545630940351605,
        0.1954282717787974,
        0.13987521502605035,
        0.0942780604927044,
        0.08088878131542615,
        0.034966577351861365
      ],
      [
        0.4543494651220385,
        0.1947502140278273,
        0.1378986515916653,
        0.09435636294832782,
        0.08339641653868385,
        0.035248889771457126
      ],
      [
        0.4691792466109786,
        0.21642907511555257,
        0.14252164306453372,
        0.06477095469857654,
        0.08024145384274092,
        0.026857626667617665
      ],
      [
        0.5150235415757334,
        0.15443704642029218,
        0.20969197664243452,
        0.09137769880281119,
        0.014752921557307511,
        0.014716815001421225
      ]
    ],
    [
      [
        0.5150235415757334,
        0.15443704642029218,
        0.20969197664243452,
        0.09137769880281119,
        0.014752921557307511,
        0.014716815001421225
      ],
      [
        0.27289948968628097,
        0.12740186411717197,
        0.1294149837820999,
        0.07938598800880864,
        0.3632888096036826,
        0.027608864801955922
      ],
      [
        0.4509803511021656,
        0.1684935189270305,
        0.09842319078463775,
        0.11895035383606845,
        0.11494006229471583,
        0.04821252305538178
      ],
      [
        0.24481650729407972,
        0.13321814622906633,
        0.07999619699447483,
        0.11291140270017071,
        0.38008717738319947,
        0.04897056939900896
      ],
      [
        0.24736488614479082,
        0.1314273730734364,
        0.07653995561379566,
        0.11515609776416,
        0.380347333995798,
        0.049164353408018995
      ],
      [
        0.45078474038061783,
        0.16221581781311636,
        0.09756173986582772,
        0.1258682187695266,
        0.1153321828376988,
        0.0482373003332126
      ],
      [
        0.4514591708148231,
        0.1752714861105374,
        0.1043595642086508,
        0.11556450272254211,
        0.1075373412337959,
        0.0458079349096505
      ],
      [
        0.19708992747736606,
        0.17198871437231278,
        0.10076630792428648,
        0.10373750213093154,
        0.37781571685236864,
        0.04860183124273446
      ],
      [
        0.4402790937718372,
        0.1789287428030086,
        0.11824462455754853,
        0.112383542869674,
        0.10049624059993705,
        0.04966775539799453
      ],
      [
        0.4523255364354096,
        0.18757422836532167,
        0.11960869841429171,
        0.10727600322161197,
        0.0856392375825179,
        0.04757629598084698
      ],
      [
        0.3858206018383176,
        0.2934738506343815,
        0.10918702115428308,
        0.09581182649864202,
        0.06968328859381812,
        0.04602341128055758
      ],
      [
        0.4525976630288232,
        0.17549835948198955,
        0.1143454891698959,
        0.1320215727914978,
        0.08551018683352714,
        0.04002672869426636
      ],
      [
        0.18945789967246413,
        0.1811486232030351,
        0.11200059509654985,
        0.09705870177789234,
        0.37836080448683596,
        0.04197337576322264
      ],
      [
        0.4536286218155441,
        0.19625144092524835,
        0.1275782763975988,
        0.0999088175775744,
        0.0791819579236898,
        0.043450885360344534
      ],
      [
        0.3888708942063482,
        0.29101558212442546,
        0.11348122975860167,
        0.07972968631159519,
        0.07527075515278568,
        0.0516318524462437
      ],
      [
        0.4533005665577962,
        0.19641912275894208,
        0.1192727027557196,
        0.09151309830803722,
        0.09673926128229399,
        0.0427552483372109
      ],
      [
        0.4532529605259979,
        0.1982832112865203,
        0.1164383680095265,
        0.09444471177802938,
        0.09334751632435367,
        0.044233232075572074
      ],
      [
        0.4890054884386339,
        0.21762182932195195,
        0.09872274227003848,
        0.061720923496306514,
        0.08901310766630882,
        0.04391590880676046
      ],
      [
        0.46841763310162315,
        0.20603330466358563,
        0.07784812269768586,
        0.0784227537239013,
        0.1198673667108359,
        0.04941081910236814
      ],
      [
        0.4843382700107771,
        0.17135877017613804,
        0.07831121317760034,
        0.1033274940591799,
        0.11733100592265176,
        0.045333246653652765
      ],
      [
        0.4850985477533959,
        0.17902646698876354,
        0.08323545255724248,
        0.09299801331616221,
        0.1145025258181846,
        0.045138993566251374
      ],
      [
        0.48990265245883824,
        0.1817936287350894,
        0.08423050763273966,
        0.08606286331038514,
        0.11121336587888647,
        0.046796981984060994
      ],
      [
        0.45158712087096925,
        0.21272103524293873,
        0.09225886298810311,
        0.08434653757920872,
        0.10817667776641779,
        0.05090976555236222
      ],
      [
        0.45156146563870053,
        0.18527967100446563,
        0.11257297471448158,
        0.10794637236182142,
        0.09363225326535378,
        0.04900726301517707
      ],
      [
        0.38915463287503715,
        0.2962573475704856,
        0.10478174142860895,
        0.09302781957427372,
        0.07035064835422727,
        0.046427810197367136
      ],
      [
        0.2849549231841337,
        0.16192611255161943,
        0.10004112122671965,
        0.0903620861349161,
        0.3208800413839962,
        0.041835715518615
      ],
      [
        0.14049299587398673,
        0.3943912257951736,
        0.1093889639776883,
        0.08338583114099855,
        0.22378311178673668,
        0.04855787142541605
      ],
      [
        0.24161748260199825,
        0.2607914894872579,
        0.14689703386405692,
        0.119998265907493,
        0.1589712215171003,
        0.07172450662209373
      ],
      [
        0.1530618543804025,
        0.3104225618979779,
        0.11838247328080352,
        0.09110546639086085,
        0.2823897369500724,
        0.04463790709988285
      ],
      [
        0.30120095099153926,
        0.31367690512891544,
        0.12185183356834232,
        0.08364919466895682,
        0.13613438619335716,
        0.04348672944888899
      ],
      [
        0.1894862463951887,
        0.3855715497143565,
        0.1306749150767328,
        0.09233194775737565,
        0.13365147387614537,
        0.06828386718020094
      ],
      [
        0.37103224624882136,
        0.30078015051170665,
        0.11505650365471669,
        0.08245184737022389,
        0.0816086736982488,
        0.04907057851628239
      ],
      [
        0.45224058390352817,
        0.17907932665423104,
        0.10910538725261161,
        0.12559558627840264,
        0.09429803328313385,
        0.03968108262809264
      ],
      [
        0.4369658760044268,
        0.17291848264625675,
        0.11375920109378086,
        0.1362440594350109,
        0.09879397006980233,
        0.041318410750722366
      ],
      [
        0.4530927822946175,
        0.19388737078616627,
        0.12162478711353998,
        0.09909393146544129,
        0.09177134548658572,
        0.040529782853649145
      ],
      [
        0.4537608704482304,
        0.20130399051782535,
        0.12133872827545994,
        0.09517996366633683,
        0.08828342543305516,
        0.04013302165909232
      ],
      [
        0.4536812124093934,
        0.19932933850371312,
        0.12380334212396446,
        0.09577386152926079,
        0.08740012256728218,
        0.04001212286638602
      ],
      [
        0.3907509862458547,
        0.28944117703346145,
        0.11107998261903672,
        0.07680755233398788,
        0.07782726141069864,
        0.05409304035696058
      ],
      [
        0.42614113417479127,
        0.24108561745006837,
        0.146315892075886,
        0.06982627623091028,
        0.08528713644146173,
        0.03134394362688217
      ],
      [
        0.5150235415757334,
        0.15443704642029218,
        0.20969197664243452,
        0.09137769880281119,
        0.014752921557307511,
        0.014716815001421225
      ]
    ],
    [
      [
        0.5150235415757334,
        0.15443704642029218,
        0.20969197664243452,
        0.09137769880281119,
        0.014752921557307511,
        0.014716815001421225
      ],
      [
        0.48472322659769296,
        0.16327889848371777,
        0.1384144235423425,
        0.07645982941503758,
        0.10847606294537714,
        0.02864755901583206
      ],
      [
        0.4512505952338627,
        0.17992416566519184,
        0.10345861293910384,
        0.10758370898875293,
        0.10690616602150464,
        0.050876751151583924
      ],
      [
        0.4515489233268548,
        0.16173044187814437,
        0.10030473119974981,
        0.13848323986377106,
        0.10549690767626282,
        0.04243575605521712
      ],
      [
        0.45036191675000137,
        0.1613925739092056,
        0.10165476052638468,
        0.12234924275989925,
        0.11270853614974384,
        0.05153296990476507
      ],
      [
        0.20859389418949736,
        0.1615883559658877,
        0.0947841397422362,
        0.1072574497410344,
        0.37804021590447373,
        0.04973594445687056
      ],
      [
        0.1948615650413576,
        0.1754867807043341,
        0.10099071969339861,
        0.10241217602433866,
        0.37786533779979287,
        0.04838342073677814
      ],
      [
        0.4529596201685432,
        0.1899846882229218,
        0.1221937908794981,
        0.10675269403284951,
        0.08508468195157749,
        0.04302452474460969
      ],
      [
        0.45266392682386086,
        0.1791136978198616,
        0.1097261471690056,
        0.12814032583633236,
        0.09110986557659606,
        0.03924603677434352
      ],
      [
        0.4527634500713482,
        0.1798343528288904,
        0.11138928485013527,
        0.12769712100115926,
        0.08930562521077286,
        0.03901016603769394
      ],
      [
        0.45331897233835483,
        0.19284104790749257,
        0.12403057054242125,
        0.10057120514851561,
        0.08805569049452999,
        0.041182513568685714
      ],
      [
        0.3803156844952541,
        0.2770852620243549,
        0.1094231161705182,
        0.08577923363737332,
        0.08640363380454107,
        0.06099306986795833
      ],
      [
        0.1627988011812513,
        0.28563904539154994,
        0.11973622119747973,
        0.10118945486881015,
        0.26817507290148407,
        0.06246140445942475
      ],
      [
        0.21331337080224574,
        0.1862774440558942,
        0.1218046477420578,
        0.10367255525342475,
        0.3248719771348164,
        0.05006000501156106
      ],
      [
        0.3800965352348138,
        0.2966928948167332,
        0.11865702461868574,
        0.08032217884899258,
        0.0736282952584236,
        0.050603071222351116
      ],
      [
        0.4534830719686227,
        0.19612312821754277,
        0.12415304184410841,
        0.0932561507254138,
        0.09099990163208203,
        0.041984705612230305
      ],
      [
        0.19143966510984944,
        0.18822337578251028,
        0.10838438836129405,
        0.0900593838895274,
        0.3788048000610965,
        0.04308838679572211
      ],
      [
        0.20719300611180666,
        0.2373381065720136,
        0.11024765402929633,
        0.06991359881985475,
        0.3341938459034272,
        0.041113788563601476
      ],
      [
        0.49367433114450215,
        0.201662069311571,
        0.093621549756882,
        0.06731130458530765,
        0.09827272792602877,
        0.04545801727570853
      ],
      [
        0.26817221970327937,
        0.17779577049253306,
        0.06433260961813161,
        0.09321177900721593,
        0.34475346309263794,
        0.0517341580862021
      ],
      [
        0.4843382700107771,
        0.17135877017613804,
        0.07831121317760034,
        0.1033274940591799,
        0.11733100592265176,
        0.045333246653652765
      ],
      [
        0.03271730013124294,
        0.0665245265176667,
        0.04042310357338739,
        0.04753284363579591,
        0.03246961713165902,
        0.7803326090102479
      ],
      [
        0.03193565789188175,
        0.0883056039902076,
        0.044557452210420304,
        0.0523573775096502,
        0.031692175191115286,
        0.7511517332067248
      ],
      [
        0.4369609779410867,
        0.17086130579378841,
        0.10667453151999719,
        0.14231734437507262,
        0.10157746914905373,
        0.04160837122100118
      ],
      [
        0.20092856582291474,
        0.15787002632163302,
        0.09672244136857593,
        0.12570701168704276,
        0.3780590540735307,
        0.04071290072630288
      ],
      [
        0.051283122015753656,
        0.1066405478648542,
        0.0565319472241697,
        0.07125260631271693,
        0.05060384841862051,
        0.663687928163885
      ],
      [
        0.45277182440482533,
        0.18375489623049088,
        0.114335497672555,
        0.1238654988954184,
        0.08659027535636897,
        0.03868200744034148
      ],
      [
        0.13891330600666238,
        0.39846121245509086,
        0.11118787791682946,
        0.08208166152899739,
        0.22125322960386304,
        0.04810271248855703
      ],
      [
        0.34137997561619177,
        0.31434207256523916,
        0.12337159434296803,
        0.08587095277971457,
        0.0913596795943958,
        0.04367572510149076
      ],
      [
        0.27994951972004994,
        0.3961692082891184,
        0.11810342681618594,
        0.07631628177032054,
        0.0823320691348618,
        0.04712949426946346
      ],
      [
        0.321505574391959,
        0.30438362240821243,
        0.11598747654625934,
        0.08115429384142119,
        0.12907666911103338,
        0.047892363701114646
      ],
      [
        0.37043799673701716,
        0.3035671820254643,
        0.11332284651986359,
        0.08216362618371957,
        0.0814958542028072,
        0.049012494331128136
      ],
      [
        0.3827078972408968,
        0.3009258704300619,
        0.11169193185274626,
        0.08968405932437355,
        0.06922406502845399,
        0.04576617612346739
      ],
      [
        0.4370074521110543,
        0.17170888470554949,
        0.1159710158220668,
        0.13758997813757629,
        0.09663508460561424,
        0.04108758461813891
      ],
      [
        0.45352577793792076,
        0.19682342208629164,
        0.1241650786959587,
        0.09970770176931408,
        0.08596159361514873,
        0.03981642589536605
      ],
      [
        0.41260800008413717,
        0.18550086229061355,
        0.12139018853765729,
        0.09970784620709357,
        0.1337336231130187,
        0.04705947976747971
      ],
      [
        0.3202108340107653,
        0.38316947022098324,
        0.1058938240820557,
        0.0674797061242352,
        0.07219614514764833,
        0.051050020414312273
      ],
      [
        0.20981966222591217,
        0.20600011459993775,
        0.11755079114487142,
        0.10758636145261564,
        0.2950742393731136,
        0.0639688312035494
      ],
      [
        0.4078598193834928,
        0.25410159713329933,
        0.15431668730010856,
        0.07148120215475737,
        0.08174924875851972,
        0.03049144526982229
      ],
      [
        0.5150235415757334,
        0.15443704642029218,
        0.20969197664243452,
        0.09137769880281119,
        0.014752921557307511,
        0.014716815001421225
      ]
    ],
    [
      [
        0.5150235415757334,
        0.15443704642029218,
        0.20969197664243452,
        0.09137769880281119,
        0.014752921557307511,
        0.014716815001421225
      ],
      [
        0.4896219795174146,
        0.18980611822871143,
        0.13581656364890263,
        0.07364800959325905,
        0.08360987258183247,
        0.027497456429879844
      ],
      [
        0.4518799631691938,
        0.16972246051165446,
        0.10630313919337597,
        0.1324875967480384,
        0.09790170246624906,
        0.041705137911488346
      ],
      [
        0.45202711153567476,
        0.17033015464124865,
        0.10934359464387688,
        0.1332107991972782,
        0.0938230191970506,
        0.0412653207848708
      ],
      [
        0.2037275545201053,
        0.1662145238741911,
        0.1001974233205233,
        0.10596040101341142,
        0.3781676008359069,
        0.045732496435862066
      ],
      [
        0.45264472541911394,
        0.18702160941221047,
        0.11971133081942935,
        0.10781619393355743,
        0.08994840660762073,
        0.04285773380806807
      ],
      [
        0.45299031860055256,
        0.18946302484706104,
        0.12252242749141003,
        0.10702219417902491,
        0.0857251965875651,
        0.042276838294386464
      ],
      [
        0.36197199828008497,
        0.2744857529308889,
        0.10874872276759312,
        0.10424615394943713,
        0.09237112092356616,
        0.0581762511484296
      ],
      [
        0.4523923604329552,
        0.1714010118416099,
        0.11331432285757256,
        0.1343911686531697,
        0.08887186776638284,
        0.03962926844830964
      ],
      [
        0.1762649499998692,
        0.3897642803383309,
        0.12619694795348171,
        0.09616014601371627,
        0.14399504497416007,
        0.06761863072044194
      ],
      [
        0.14418744377070317,
        0.31664987688462126,
        0.11060655191007376,
        0.09172532717157161,
        0.2922721296176689,
        0.04455867064536128
      ],
      [
        0.355261837833144,
        0.29282036976717235,
        0.11462204404157715,
        0.08939191322907032,
        0.09218496702295018,
        0.0557188681060859
      ],
      [
        0.36148384587030735,
        0.29740718260349636,
        0.12633121049397442,
        0.08502860568050857,
        0.07569563191780826,
        0.05405352343390507
      ],
      [
        0.2722513734382745,
        0.39330393898429006,
        0.1288754147853023,
        0.07726508688286872,
        0.07191088491001804,
        0.056393300999246304
      ],
      [
        0.15670221910546162,
        0.303477145343903,
        0.11494817155107157,
        0.08452343675076313,
        0.2913758834770468,
        0.04897314377175377
      ],
      [
        0.14947525940437267,
        0.2990729946821165,
        0.11518230449065522,
        0.08451961504840926,
        0.3006376033725628,
        0.0511122230018834
      ],
      [
        0.4540629969086691,
        0.20207785279835147,
        0.12662451455561768,
        0.09410051402888257,
        0.07958466114460572,
        0.04354946056387355
      ],
      [
        0.3943381256453133,
        0.2599856954831324,
        0.12252008284787269,
        0.07666858802308853,
        0.09635496681985517,
        0.050132541180737955
      ],
      [
        0.03271730013124294,
        0.0665245265176667,
        0.04042310357338739,
        0.04753284363579591,
        0.03246961713165902,
        0.7803326090102479
      ],
      [
        0.03271730013124294,
        0.0665245265176667,
        0.04042310357338739,
        0.04753284363579591,
        0.03246961713165902,
        0.7803326090102479
      ],
      [
        0.46578044051827233,
        0.192497032156866,
        0.07161259672331086,
        0.09722267582802178,
        0.12333476172265649,
        0.049552493050872407
      ],
      [
        0.03193565789188175,
        0.0883056039902076,
        0.044557452210420304,
        0.0523573775096502,
        0.031692175191115286,
        0.7511517332067248
      ],
      [
        0.03134856145176251,
        0.10619125364221677,
        0.046921606657730645,
        0.05490723029896128,
        0.03110775261536603,
        0.7295235953339628
      ],
      [
        0.04665410838391215,
        0.09684743062182595,
        0.054118954394589365,
        0.06910724737582694,
        0.04608043166361622,
        0.6871918275602293
      ],
      [
        0.0461863664675077,
        0.10393942455802974,
        0.05532616205965667,
        0.06959114609173277,
        0.04561427544627996,
        0.6793426253767932
      ],
      [
        0.410241278627264,
        0.1580516229085463,
        0.09845473470893475,
        0.19745499870808395,
        0.08652285941867718,
        0.049274505628493837
      ],
      [
        0.37848675009070326,
        0.3080590876786681,
        0.11267863525932943,
        0.08549804092901464,
        0.07099017784308015,
        0.044287308199204206
      ],
      [
        0.2954024788921144,
        0.3934291896787361,
        0.11273961602775617,
        0.07553323739967763,
        0.07517125382165345,
        0.0477242241800623
      ],
      [
        0.4535785769376913,
        0.19184518581894344,
        0.1317183197254839,
        0.10215218340092574,
        0.08233729861575792,
        0.03836843550119759
      ],
      [
        0.45303977556980557,
        0.19090285240528965,
        0.1268172644786124,
        0.09947774625742858,
        0.08942555227266784,
        0.04033680901619571
      ],
      [
        0.4531564465467705,
        0.193552717376268,
        0.12479306713913077,
        0.09724123079646142,
        0.09073206273813174,
        0.04052447540323743
      ],
      [
        0.45345881299491725,
        0.19433715082624603,
        0.12614806436442616,
        0.10028512756274682,
        0.0868044868517752,
        0.03896635739988852
      ],
      [
        0.45307259959278895,
        0.19059620722224704,
        0.12449932565714832,
        0.1031597671712505,
        0.08939846340525058,
        0.03927363695131466
      ],
      [
        0.4534750212735251,
        0.1956092645819061,
        0.12369094747159673,
        0.10067068424532363,
        0.08749552070016003,
        0.039058561727488436
      ],
      [
        0.41304203302243,
        0.19751393744538134,
        0.11107219583659188,
        0.13720670248207695,
        0.09564386738900676,
        0.045521263824513075
      ],
      [
        0.14777019653994097,
        0.30737653431125533,
        0.10707314199138525,
        0.08408433429854129,
        0.30520668989679,
        0.048489102962087284
      ],
      [
        0.28335391440724955,
        0.40463167646406406,
        0.11788467874617528,
        0.07443694779706851,
        0.06762113706856494,
        0.0520716455168775
      ],
      [
        0.2856779681158742,
        0.40350200483492876,
        0.11719027109654627,
        0.07305454655036167,
        0.0681334232442453,
        0.05244178615804378
      ],
      [
        0.16689844251058597,
        0.2323254200230965,
        0.20255789202178742,
        0.10477437182351149,
        0.2602748864359165,
        0.03316898718510216
      ],
      [
        0.5150235415757334,
        0.15443704642029218,
        0.20969197664243452,
        0.09137769880281119,
        0.014752921557307511,
        0.014716815001421225
      ]
    ],
    [
      [
        0.5150235415757334,
        0.15443704642029218,
        0.20969197664243452,
        0.09137769880281119,
        0.014752921557307511,
        0.014716815001421225
      ],
      [
        0.44966098110861424,
        0.21588081734662362,
        0.15245171109893615,
        0.07869762188676344,
        0.07705550355815952,
        0.02625336500090305
      ],
      [
        0.4524014568168967,
        0.17458032477521152,
        0.11308226629384212,
        0.13128469546562035,
        0.08805903434770514,
        0.040592222300724096
      ],
      [
        0.15754211610497745,
        0.27708430527912736,
        0.10762208740964874,
        0.09466789660529813,
        0.3071066177931866,
        0.05597697680776165
      ],
      [
        0.1963705443491802,
        0.16071751001398527,
        0.1000364158709465,
        0.12497143894330001,
        0.37814776952151397,
        0.03975632130107401
      ],
      [
        0.4534109987161593,
        0.1899567840465538,
        0.12468989140489554,
        0.10682736052914076,
        0.08626591980810448,
        0.03884904549514607
      ],
      [
        0.4532963157669015,
        0.19095152744401758,
        0.12556257856165573,
        0.106511286157248,
        0.08196375883799094,
        0.04171453323218626
      ],
      [
        0.12907361223079275,
        0.40572283693870453,
        0.11765120330807176,
        0.09424050248996896,
        0.19857008864647122,
        0.054741756385990575
      ],
      [
        0.3557360472798937,
        0.28939587388965515,
        0.11420132408798486,
        0.09254856632517446,
        0.09232302685265036,
        0.05579516156464138
      ],
      [
        0.24978576228826305,
        0.42888888446090095,
        0.12217303622043113,
        0.08011936535377523,
        0.06657962975073012,
        0.05245332192589937
      ],
      [
        0.3539517498031797,
        0.292787373078799,
        0.11533384494060081,
        0.09054179091464623,
        0.09184854603206508,
        0.05553669523070909
      ],
      [
        0.18833318054406087,
