{
  "prediction": [
    [
      [
        0.4904160388675815,
        0.13059775982446353,
        0.17301246168810483,
        0.1042608734138578,
        0.06934188590300086,
        0.03237098030299145
      ],
      [
        0.4904160388675815,
        0.13059775982446353,
        0.17301246168810483,
        0.1042608734138578,
        0.06934188590300086,
        0.03237098030299145
      ],
      [
        0.4906217254223453,
        0.13147664254981511,
        0.17419330525620297,
        0.10495105780225425,
        0.06718792713183123,
        0.031569341837551175
      ],
      [
        0.4906217254223453,
        0.13147664254981511,
        0.17419330525620297,
        0.10495105780225425,
        0.06718792713183123,
        0.031569341837551175
      ],
      [
        0.4911734663179254,
        0.13300066763039342,
        0.17626127366949018,
        0.10613840713877579,
        0.0632860632656545,
        0.030140121977760788
      ],
      [
        0.4911734663179254,
        0.13300066763039342,
        0.17626127366949018,
        0.10613840713877579,
        0.0632860632656545,
        0.030140121977760788
      ],
      [
        0.4911734663179254,
        0.13300066763039342,
        0.17626127366949018,
        0.10613840713877579,
        0.0632860632656545,
        0.030140121977760788
      ],
      [
        0.4904160388675815,
        0.13059775982446353,
        0.17301246168810483,
        0.1042608734138578,
        0.06934188590300086,
        0.03237098030299145
      ],
      [
        0.49053132743226513,
        0.13149747761942024,
        0.17420872419948225,
        0.10497325850816723,
        0.06720829975501572,
        0.03158091248564956
      ],
      [
        0.4911734663179254,
        0.13300066763039342,
        0.17626127366949018,
        0.10613840713877579,
        0.0632860632656545,
        0.030140121977760788
      ],
      [
        0.4911734663179254,
        0.13300066763039342,
        0.17626127366949018,
        0.10613840713877579,
        0.0632860632656545,
        0.030140121977760788
      ],
      [
        0.4892286952900113,
        0.1454369011666403,
        0.15839377477782993,
        0.09557070249481227,
        0.07579282992562601,
        0.035577096345080175
      ],
      [
        0.4920161931206495,
        0.1561655900985017,
        0.16586079140602242,
        0.09971235612288579,
        0.056399257888853256,
        0.0298458113630874
      ],
      [
        0.49299600681944616,
        0.17308917685732358,
        0.15764241303427723,
        0.09463988513435712,
        0.052020418518299236,
        0.029612099636296775
      ],
      [
        0.4939509296233052,
        0.18603090011290152,
        0.15104733663472558,
        0.0905695158672666,
        0.04898134811278411,
        0.02941996964901697
      ],
      [
        0.5178273521374664,
        0.21219953367315683,
        0.16910087691402723,
        0.07142637137952355,
        0.01473021033268273,
        0.014715655563143245
      ],
      [
        0.5210260778074273,
        0.23557562656216205,
        0.1514630721849154,
        0.062495539655337586,
        0.014724600762250819,
        0.014715083027906663
      ],
      [
        0.5251909079417205,
        0.2572882899411174,
        0.13443793277892147,
        0.05364800139262897,
        0.014720394375299765,
        0.014714473570311998
      ],
      [
        0.5256875655612748,
        0.2595104784107299,
        0.13266012092371837,
        0.05270742157141534,
        0.01472000722888526,
        0.014714406303976243
      ],
      [
        0.5205858544217955,
        0.232842268143028,
        0.15356218113234024,
        0.0635693503874542,
        0.014725191831009744,
        0.01471515408437236
      ],
      [
        0.5214938682753109,
        0.23836379159363524,
        0.14931176169056504,
        0.061391555819021275,
        0.014724013301873597,
        0.014715009319594078
      ],
      [
        0.5196036368902344,
        0.22629234129258033,
        0.15855248868147823,
        0.06610954039337037,
        0.014726673037271789,
        0.014715319705064941
      ],
      [
        0.5167704302499551,
        0.2014445981581793,
        0.17697923307168856,
        0.0753565520432698,
        0.014733291342673411,
        0.01471589513423387
      ],
      [
        0.5150235415757334,
        0.15443704642029218,
        0.20969197664243452,
        0.09137769880281119,
        0.014752921557307511,
        0.014716815001421225
      ],
      [
        0.5150235415757334,
        0.15443704642029218,
        0.20969197664243452,
        0.09137769880281119,
        0.014752921557307511,
        0.014716815001421225
      ],
      [
        0.44968187675812865,
        0.14386938989788098,
        0.1799473954686386,
        0.12847423650850714,
        0.06761481164583112,
        0.030412289721013466
      ],
      [
        0.4500219670106399,
        0.14375920694093297,
        0.1798540344885316,
        0.12836022823298487,
        0.06761200699610011,
        0.030392556330810484
      ],
      [
        0.4494079636361778,
        0.1417597491849977,
        0.17731812534708633,
        0.12658644521145512,
        0.07277748275883786,
        0.03215023386144529
      ],
      [
        0.44969343599454453,
        0.14441677457158347,
        0.1806201417837428,
        0.12896736790848928,
        0.06631575529359635,
        0.029986524448043568
      ],
      [
        0.44968187675812865,
        0.14386938989788098,
        0.1799473954686386,
        0.12847423650850714,
        0.06761481164583112,
        0.030412289721013466
      ],
      [
        0.44969343599454453,
        0.14441677457158347,
        0.1806201417837428,
        0.12896736790848928,
        0.06631575529359635,
        0.029986524448043568
      ],
      [
        0.44969343599454453,
        0.14441677457158347,
        0.1806201417837428,
        0.12896736790848928,
        0.06631575529359635,
        0.029986524448043568
      ],
      [
        0.44884981920446027,
        0.1440866876107602,
        0.18011139736232026,
        0.12870616423859063,
        0.06774469800216237,
        0.03050123358170624
      ],
      [
        0.4490116205113145,
        0.14336391380974559,
        0.17924440542323258,
        0.12804753098769261,
        0.06931951671342115,
        0.031013012554593572
      ],
      [
        0.44884981920446027,
        0.1440866876107602,
        0.18011139736232026,
        0.12870616423859063,
        0.06774469800216237,
        0.03050123358170624
      ],
      [
        0.4499567421299194,
        0.17279315808699883,
        0.16784488265605743,
        0.12031316125778971,
        0.058956830860299625,
        0.030135225008934972
      ],
      [
        0.44884981920446027,
        0.1440866876107602,
        0.18011139736232026,
        0.12870616423859063,
        0.06774469800216237,
        0.03050123358170624
      ],
      [
        0.44639243585687394,
        0.1509966019518395,
        0.16204539031754306,
        0.11622573945616907,
        0.08568090497651551,
        0.0386589274410588
      ],
      [
        0.4490116205113145,
        0.14336391380974559,
        0.17924440542323258,
        0.12804753098769261,
        0.06931951671342115,
        0.031013012554593572
      ],
      [
        0.4490116205113145,
        0.14336391380974559,
        0.17924440542323258,
        0.12804753098769261,
        0.06931951671342115,
        0.031013012554593572
      ]
    ],
    [
      [
        0.4904160388675815,
        0.13059775982446353,
        0.17301246168810483,
        0.1042608734138578,
        0.06934188590300086,
        0.03237098030299145
      ],
      [
        0.4937403124165312,
        0.14015357335849085,
        0.15412929958440033,
        0.0854716085968884,
        0.08130846010168248,
        0.045196745942006816
      ],
      [
        0.49427729384860764,
        0.1504771165496759,
        0.14818703634338992,
        0.08099057978242756,
        0.08436932704976868,
        0.04169864642613032
      ],
      [
        0.21445074474511522,
        0.1406598193381904,
        0.1302241952014399,
        0.08789870467247664,
        0.380149033972237,
        0.04661750207054075
      ],
      [
        0.49290215926058895,
        0.14319303369837072,
        0.1401519607973488,
        0.08142447620544419,
        0.09483086139366065,
        0.04749750864458668
      ],
      [
        0.1918932884931701,
        0.16585333997823257,
        0.13777923717995866,
        0.0797925700681507,
        0.3801241957009131,
        0.04455736857957495
      ],
      [
        0.49218515633695054,
        0.1665060591390148,
        0.15682620956016244,
        0.071741196508626,
        0.07304279493953446,
        0.03969858351571175
      ],
      [
        0.4735384286283563,
        0.17577994186819348,
        0.1695101468563,
        0.07221733927201095,
        0.0704121293490439,
        0.03854201402609535
      ],
      [
        0.3351770043459508,
        0.198740507130755,
        0.27803861691041054,
        0.06289603394804372,
        0.07394946908928578,
        0.051198368575554196
      ],
      [
        0.4911734663179254,
        0.13300066763039342,
        0.17626127366949018,
        0.10613840713877579,
        0.0632860632656545,
        0.030140121977760788
      ],
      [
        0.17538531157409554,
        0.21102565075437685,
        0.1670270080988818,
        0.09938104535336412,
        0.293658808588341,
        0.053522175630940715
      ],
      [
        0.22067525775372585,
        0.22521751448350782,
        0.1517628705564955,
        0.08657596043323919,
        0.2799297505361101,
        0.03583864623692149
      ],
      [
        0.19042738341174756,
        0.21944858282218965,
        0.16719147831693293,
        0.10378023498309596,
        0.26714103853207505,
        0.05201128193395884
      ],
      [
        0.4879619833797999,
        0.18063957315754572,
        0.13150629695604632,
        0.0972265417543225,
        0.06751062652088435,
        0.03515497823140112
      ],
      [
        0.3389538692947289,
        0.2213806447465233,
        0.2087428104780469,
        0.07475533341098163,
        0.09055017487557095,
        0.0656171671941484
      ],
      [
        0.17914094893249793,
        0.2267432886581685,
        0.14402493759385485,
        0.06352380982874295,
        0.36172782502716844,
        0.02483918995956747
      ],
      [
        0.16492563757849577,
        0.2972349395340261,
        0.155706283577083,
        0.0705426641398993,
        0.28776707539756846,
        0.02382339977292744
      ],
      [
        0.15809900450276676,
        0.31434571754226,
        0.15132992222397976,
        0.07714830799604094,
        0.27568890694524484,
        0.02338814078970787
      ],
      [
        0.362636791292604,
        0.3043686125543573,
        0.16827040495507797,
        0.07799230775534986,
        0.0631146532145844,
        0.02361723022802648
      ],
      [
        0.36106616318127943,
        0.30509805516489963,
        0.16957530659444023,
        0.07782564578214672,
        0.06286479623681858,
        0.023570033040415383
      ],
      [
        0.3579988628352009,
        0.3058920344096376,
        0.17408104382178885,
        0.07618130582511651,
        0.06237033709628004,
        0.023476416011976177
      ],
      [
        0.1535109596705948,
        0.30494957592354055,
        0.16598990122455792,
        0.0846370671884096,
        0.2678333031848977,
        0.023079192807999485
      ],
      [
        0.3744413655061682,
        0.284436312599905,
        0.17869407324241526,
        0.07353976785924603,
        0.06493032746052207,
        0.023958153331743323
      ],
      [
        0.16520332676537072,
        0.27919713237830135,
        0.1642527631468703,
        0.07911300520741515,
        0.28840161662130614,
        0.023832155880736255
      ],
      [
        0.422041489706622,
        0.24531056026382658,
        0.16449662586304514,
        0.07020355609803303,
        0.07254910899900331,
        0.02539865906946998
      ],
      [
        0.4560101197081187,
        0.19260013867998046,
        0.1360748878816263,
        0.09558797334830092,
        0.08742855102436557,
        0.03229832935760812
      ],
      [
        0.45456470890865336,
        0.1795206772160466,
        0.1321888807690217,
        0.09674277655433161,
        0.10199381532202362,
        0.03498914122992311
      ],
      [
        0.44283581661408883,
        0.1717789204011394,
        0.14021339921018955,
        0.10667863269946835,
        0.1031737813771764,
        0.03531944969793745
      ],
      [
        0.4357157433615168,
        0.15803751758737522,
        0.15001521393529677,
        0.11184482836828853,
        0.1091407469770347,
        0.035245949770487874
      ],
      [
        0.45335230039093416,
        0.1605350194659691,
        0.1352575995405673,
        0.10589283291884581,
        0.10785945065653141,
        0.037102797027152294
      ],
      [
        0.4547296823218913,
        0.1697354819132828,
        0.14958091863252182,
        0.09965829500861002,
        0.09207268721697172,
        0.03422293490672226
      ],
      [
        0.21234352579594967,
        0.15514379560219374,
        0.13228128377723825,
        0.092060575773098,
        0.37429100475681953,
        0.03387981429470089
      ],
      [
        0.44592281604886386,
        0.16219803965778928,
        0.14659747939408102,
        0.13047649101061543,
        0.08207106518980209,
        0.03273410869884827
      ],
      [
        0.33603272752493724,
        0.266095662981378,
        0.16028538698650138,
        0.09452854317110453,
        0.0869671636924147,
        0.056090515643664164
      ],
      [
        0.2679547363991357,
        0.20196424675475613,
        0.3334856732890133,
        0.07870084673747003,
        0.06738414450353414,
        0.05051035231609077
      ],
      [
        0.21700225316840765,
        0.16483942737076115,
        0.13383701975602166,
        0.09691446702433312,
        0.34838375026726154,
        0.039023082413214914
      ],
      [
        0.30874799657718754,
        0.2567689204343726,
        0.18345067051545091,
        0.09614301629264675,
        0.09762719756329714,
        0.05726219861704471
      ],
      [
        0.4559146076687651,
        0.179307249280336,
        0.144726074310991,
        0.1179485083572982,
        0.06841155805715893,
        0.03369200232545076
      ],
      [
        0.2846122627075483,
        0.25172562971711365,
        0.17588435167677055,
        0.09314085927517388,
        0.1376316657734083,
        0.05700523084998527
      ],
      [
        0.4490116205113145,
        0.14336391380974559,
        0.17924440542323258,
        0.12804753098769261,
        0.06931951671342115,
        0.031013012554593572
      ]
    ],
    [
      [
        0.4904160388675815,
        0.13059775982446353,
        0.17301246168810483,
        0.1042608734138578,
        0.06934188590300086,
        0.03237098030299145
      ],
      [
        0.491259361226447,
        0.14901018027891136,
        0.15899977256982023,
        0.08821978546476374,
        0.07288410914951136,
        0.03962679131054633
      ],
      [
        0.4938522404925988,
        0.1673653221139736,
        0.12584367627232737,
        0.08434018271423264,
        0.08150933778246768,
        0.04708924062439997
      ],
      [
        0.20350328530272785,
        0.1701788062985043,
        0.10962570727494884,
        0.0868015471974013,
        0.3800563231355734,
        0.04983433079084428
      ],
      [
        0.2161928617729276,
        0.1699755627070754,
        0.09655779488805642,
        0.08525806410264804,
        0.38078841029901234,
        0.05122730623028033
      ],
      [
        0.49407729880457274,
        0.1706903079196075,
        0.10919449262957197,
        0.07172453604360272,
        0.10872144954643603,
        0.045591915056209215
      ],
      [
        0.4948015554992923,
        0.17543018390816822,
        0.13039430867916071,
        0.07246173864699172,
        0.07842560139958843,
        0.04848661186679861
      ],
      [
        0.3584383372826242,
        0.2834356007092142,
        0.14856305189552105,
        0.06693525554079209,
        0.08217990901216832,
        0.060447845559680156
      ],
      [
        0.3272714529493166,
        0.28719688516355873,
        0.19869176334504077,
        0.06338486492576943,
        0.07287076014007296,
        0.05058427347624153
      ],
      [
        0.4892286952900113,
        0.1454369011666403,
        0.15839377477782993,
        0.09557070249481227,
        0.07579282992562601,
        0.035577096345080175
      ],
      [
        0.2197495237253337,
        0.2275448553510421,
        0.15235833954874406,
        0.08582612755407901,
        0.2787845008347155,
        0.03573665298608558
      ],
      [
        0.1747055301642783,
        0.40720471788801965,
        0.12758935561022666,
        0.08421256179433628,
        0.13960065286128134,
        0.06668718168185757
      ],
      [
        0.42151030804954837,
        0.2850316071434069,
        0.10647666373807402,
        0.07182772340262487,
        0.06940960160649874,
        0.04574409605984717
      ],
      [
        0.3479830521451177,
        0.2667921761435566,
        0.1128584693268824,
        0.07916668826948021,
        0.13788034516340572,
        0.055319268951557386
      ],
      [
        0.4107338555703078,
        0.17484416786000387,
        0.10580899167470555,
        0.18496772413859597,
        0.0731736719375621,
        0.050471588818824645
      ],
      [
        0.17983963071463704,
        0.20004148568871039,
        0.10792638462636359,
        0.0926816882673543,
        0.3770078513734856,
        0.04250295932944911
      ],
      [
        0.45261910438690983,
        0.21444026749861175,
        0.11534996068765732,
        0.09469206137737908,
        0.0830792018369105,
        0.039819404212531474
      ],
      [
        0.4148669366604148,
        0.17800936581383822,
        0.09554125262984685,
        0.18779406312474278,
        0.07493614760346107,
        0.04885223416769625
      ],
      [
        0.2858362916639862,
        0.32328096515252785,
        0.10676701696495185,
        0.15591706720328102,
        0.07256259010158839,
        0.05563606891366469
      ],
      [
        0.4097306239171103,
        0.17879532973061563,
        0.11177353579581406,
        0.12551137219467254,
        0.12593562310602313,
        0.04825351525576438
      ],
      [
        0.2964004879070829,
        0.3223610370937976,
        0.11247458694764922,
        0.09153939949574537,
        0.12834904232225755,
        0.048875446233467415
      ],
      [
        0.13862237606626182,
        0.41664416915157765,
        0.10599920339814141,
        0.07733850278649784,
        0.21067099863442854,
        0.05072474996309288
      ],
      [
        0.34105705629665567,
        0.31735249566615154,
        0.11664283091487686,
        0.09036396454495974,
        0.0848091530591485,
        0.04977449951820781
      ],
      [
        0.37036095499534316,
        0.3192618690066004,
        0.1151233883248401,
        0.07798397844796508,
        0.06996049350578813,
        0.04730931571946297
      ],
      [
        0.45140508750242964,
        0.2020334672605278,
        0.12333903139628767,
        0.09569277230982635,
        0.08542860647997705,
        0.04210103505095146
      ],
      [
        0.4524299361265768,
        0.19313455141032557,
        0.12041704765255594,
        0.09927685634704016,
        0.092009843446725,
        0.04273176501677644
      ],
      [
        0.2148347863798027,
        0.17738695736763868,
        0.09644126787066902,
        0.08820224951858181,
        0.3807531765394234,
        0.04238156232388441
      ],
      [
        0.45358347831636725,
        0.19271145589409489,
        0.10660104783894717,
        0.09477916130195396,
        0.1022485808878965,
        0.05007627576074014
      ],
      [
        0.23658089128259072,
        0.15979389157647028,
        0.0833248415018885,
        0.09090387026194821,
        0.38123898780400356,
        0.048157517573098746
      ],
      [
        0.45319498576527045,
        0.1841463471158779,
        0.10179411250100077,
        0.10223533061136517,
        0.11099847889461073,
        0.047630745111874935
      ],
      [
        0.2226647813466882,
        0.17096738282337692,
        0.09646813582536393,
        0.09191215333502309,
        0.374744414609744,
        0.043243132059803756
      ],
      [
        0.44066881740681846,
        0.18641618225443463,
        0.13253551585007237,
        0.10130705130664899,
        0.0981878343988633,
        0.04088459878316208
      ],
      [
        0.3493939700391275,
        0.28317756565285884,
        0.12477133413026309,
        0.09903149524058608,
        0.08440235135667921,
        0.05922328358048522
      ],
      [
        0.31961419370290606,
        0.2862980976879531,
        0.12885213650229146,
        0.10056380372965673,
        0.10484979599618573,
        0.05982197238100694
      ],
      [
        0.2881851495018966,
        0.28311115735408626,
        0.12823010575803012,
        0.09939010803560905,
        0.14244686483866267,
        0.058636614511715146
      ],
      [
        0.26459777725926786,
        0.39768192754650966,
        0.13468372931855013,
        0.07880116088046532,
        0.06961117463870888,
        0.05462423035649823
      ],
      [
        0.3183697850103193,
        0.2913060194492587,
        0.12764140403412896,
        0.0986451571822917,
        0.10443068719015274,
        0.05960694713384854
      ],
      [
        0.18714986795332753,
        0.3725886853193905,
        0.13748636991702487,
        0.09382084855606082,
        0.13734762389650804,
        0.07160660435768822
      ],
      [
        0.2659088755893305,
        0.3916644922643561,
        0.15030803546033172,
        0.07273394915955748,
        0.06816208971115836,
        0.051222557815265794
      ],
      [
        0.4479069271875377,
        0.1574272875693285,
        0.1689747258712308,
        0.12110732495768177,
        0.0724524404964948,
        0.03213129391772641
      ]
    ],
    [
      [
        0.4904160388675815,
        0.13059775982446353,
        0.17301246168810483,
        0.1042608734138578,
        0.06934188590300086,
        0.03237098030299145
      ],
      [
        0.34080454332125626,
        0.17750740266247245,
        0.26926700116341706,
        0.08535533139756236,
        0.07512523764267273,
        0.05194048381261924
      ],
      [
        0.4937391765053189,
        0.17087592250766978,
        0.13019666069633637,
        0.0856175944200137,
        0.0740837708358873,
        0.04548687503477392
      ],
      [
        0.18431217686986778,
        0.18338218538594178,
        0.12136280349967066,
        0.08965544539252861,
        0.3702584197360159,
        0.0510289691159753
      ],
      [
        0.4938920178126113,
        0.1675053526733854,
        0.11585866127269583,
        0.07479638969810645,
        0.10312008701234064,
        0.04482749153086038
      ],
      [
        0.4899419903563191,
        0.15360109577360548,
        0.10580561847874848,
        0.06699471998996438,
        0.13830316780500598,
        0.045353407596356574
      ],
      [
        0.1890914219641171,
        0.183609196559224,
        0.12244837741358186,
        0.07632019915828886,
        0.38031822755615086,
        0.04821257734863711
      ],
      [
        0.24403059803407065,
        0.1892144922745993,
        0.137232765188982,
        0.07825894511496911,
        0.30112611682109974,
        0.05013708256627913
      ],
      [
        0.33961231031686256,
        0.19452528978758832,
        0.27680237378329015,
        0.062404559445775935,
        0.07487388935365634,
        0.05178157731282662
      ],
      [
        0.4911734663179254,
        0.13300066763039342,
        0.17626127366949018,
        0.10613840713877579,
        0.0632860632656545,
        0.030140121977760788
      ],
      [
        0.36701411801918166,
        0.22237753275879257,
        0.1680436364711645,
        0.08446451076672919,
        0.11915873154060226,
        0.038941470443529656
      ],
      [
        0.3660096419221505,
        0.3333785093716987,
        0.11363828525212946,
        0.07309930018459986,
        0.06689068883791092,
        0.04698357443151053
      ],
      [
        0.36404211917938667,
        0.3364759453316305,
        0.11241681353890279,
        0.07371537327424396,
        0.06656893428146171,
        0.0467808143943744
      ],
      [
        0.4211737208746394,
        0.2775841170748938,
        0.10703057308290365,
        0.07428271432963524,
        0.07172312007491853,
        0.048205754563009434
      ],
      [
        0.4233125861540214,
        0.27909537072966323,
        0.10365907312327373,
        0.07342884417025845,
        0.07208120869738978,
        0.04842291712539341
      ],
      [
        0.4522605536913661,
        0.20876427449694684,
        0.12070848612503736,
        0.09717255052055244,
        0.08152555646544847,
        0.03956857870064864
      ],
      [
        0.45119584452347716,
        0.19123348602517923,
        0.11041249096009804,
        0.12977087356541928,
        0.07781286701123916,
        0.03957443791458699
      ],
      [
        0.16307468410132536,
        0.18058475974761493,
        0.09174745429692352,
        0.19316168367040282,
        0.32364700251517536,
        0.04778441566855797
      ],
      [
        0.28256596518390215,
        0.3229560744710932,
        0.11119356448205044,
        0.15649203388792796,
        0.07174927131740114,
        0.05504309065762526
      ],
      [
        0.2946315346560807,
        0.41398049031916484,
        0.10759588434666961,
        0.07093922759709731,
        0.06432300430437238,
        0.048529858776615115
      ],
      [
        0.20754126442728313,
        0.3147664473128724,
        0.11325110982547068,
        0.08865210999017553,
        0.22313006120367623,
        0.05265900724052204
      ],
      [
        0.258711750216315,
        0.3197071883053537,
        0.1179465499701378,
        0.16326489405252811,
        0.08314990504314605,
        0.05721971241251948
      ],
      [
        0.27339972575219346,
        0.40633195144613,
        0.1123144010513965,
        0.08220518118802182,
        0.07562835522184175,
        0.05012038534041638
      ],
      [
        0.15642200249533655,
        0.3198217775072919,
        0.1128270901038651,
        0.08401916683445379,
        0.2770464449858758,
        0.04986351807317688
      ],
      [
        0.45205759097598935,
        0.20814647032904993,
        0.12363879783017148,
        0.09482712714963289,
        0.07888734593658665,
        0.04244266777856954
      ],
      [
        0.16246061586747196,
        0.2629091212875289,
        0.09242631561939264,
        0.07248497523745091,
        0.36161768571740815,
        0.04810128627074729
      ],
      [
        0.20214942327483545,
        0.18520805746669383,
        0.10208177370470586,
        0.08870677712789145,
        0.38038677612630845,
        0.04146719229956496
      ],
      [
        0.4545730983923491,
        0.19971712871953548,
        0.11310811002963377,
        0.09423795127237984,
        0.0928745254597187,
        0.045489186126383196
      ],
      [
        0.4538844376335629,
        0.19320841282356643,
        0.10756914804265388,
        0.09582013396094453,
        0.10277020767663739,
        0.04674765986263475
      ],
      [
        0.22213673248485527,
        0.16720312297763448,
        0.08754185574216536,
        0.09209844965054292,
        0.3802407643346663,
        0.05077907481013574
      ],
      [
        0.4403549874275651,
        0.18816993846622662,
        0.11781403178110914,
        0.10773262634930086,
        0.10441744241593465,
        0.04151097355986356
      ],
      [
        0.04477698983629841,
        0.07287759505799117,
        0.04714497905875777,
        0.06007386281854252,
        0.044281627353279264,
        0.7308449458751309
      ],
      [
        0.32334883763101513,
        0.28531717991973,
        0.12141191011837515,
        0.10326315086084992,
        0.10616003287569761,
        0.0604988885943322
      ],
      [
        0.45444895445549366,
        0.18915441340510147,
        0.1288319204186047,
        0.09906543943738917,
        0.08603366042950691,
        0.04246561185390415
      ],
      [
        0.09584768133676018,
        0.4847742812412669,
        0.15111136744120113,
        0.09594331430435875,
        0.10816146995641318,
        0.06416188571999983
      ],
      [
        0.31898482350951207,
        0.2929422333223853,
        0.12877640633324647,
        0.10896636265558965,
        0.08947949758925086,
        0.060850676590015494
      ],
      [
        0.2882837929418731,
        0.28880598285443815,
        0.12298794870389435,
        0.09868420163778668,
        0.14255836862141927,
        0.05867970524058847
      ],
      [
        0.32155203195621856,
        0.2946595070813269,
        0.12555078078553053,
        0.10672275043463446,
        0.0902047227754048,
        0.06131020696688486
      ],
      [
        0.12099291574722848,
        0.40807850311490784,
        0.14102576086655202,
        0.08228330765586217,
        0.19810692872291416,
        0.049512583892535225
      ],
      [
        0.44884981920446027,
        0.1440866876107602,
        0.18011139736232026,
        0.12870616423859063,
        0.06774469800216237,
        0.03050123358170624
      ]
    ],
    [
      [
        0.49053132743226513,
        0.13149747761942024,
        0.17420872419948225,
        0.10497325850816723,
        0.06720829975501572,
        0.03158091248564956
      ],
      [
        0.31423775562335626,
        0.2982405308349384,
        0.18061855371882266,
        0.08770352576555779,
        0.07025432651651269,
        0.048945307540812305
      ],
      [
        0.47753840586432494,
        0.18603185840383335,
        0.13349056910186685,
        0.08691813033268161,
        0.07176680690481069,
        0.0442542293924826
      ],
      [
        0.46379810282185,
        0.19648896305946287,
        0.12548861534771213,
        0.08718278041511743,
        0.07698909376769607,
        0.050052444588161486
      ],
      [
        0.24965784726465784,
        0.19804095418612003,
        0.10661945245295051,
        0.08734135647337317,
        0.3070864351635341,
        0.05125395445936432
      ],
      [
        0.2310245726047921,
        0.26913274315612007,
        0.1211534089249893,
        0.10027674267804856,
        0.19227146722062147,
        0.08614106541542856
      ],
      [
        0.4941016092018708,
        0.17156121156151988,
        0.1071638212588078,
        0.07201776658235234,
        0.10946384302633638,
        0.045691748369112946
      ],
      [
        0.49440365867306074,
        0.16952875134679393,
        0.12198257413765637,
        0.06866137856647067,
        0.10089995215988065,
        0.044523685116137676
      ],
      [
        0.1671676598166745,
        0.18344910484703034,
        0.1615095551209272,
        0.07568454410735821,
        0.37430656641745735,
        0.037882569690552356
      ],
      [
        0.4911734663179254,
        0.13300066763039342,
        0.17626127366949018,
        0.10613840713877579,
        0.0632860632656545,
        0.030140121977760788
      ],
      [
        0.3361104188876955,
        0.22777625219559014,
        0.21358637298520838,
        0.07507226719749675,
        0.08565292001584215,
        0.061801768718167144
      ],
      [
        0.3408160270394038,
        0.33228705633931,
        0.1244536819147059,
        0.08052441498793818,
        0.07011388156470155,
        0.05180493815394057
      ],
      [
        0.4175491302361214,
        0.2864474879496753,
        0.10691965031997931,
        0.07488315771267305,
        0.06880656823609486,
        0.04539400554545606
      ],
      [
        0.42763304591400125,
        0.28003883453100004,
        0.10340454671989427,
        0.07226117054446762,
        0.07036282544410538,
        0.04629957684653155
      ],
      [
        0.4546311828151779,
        0.1955074159369312,
        0.1265038807263921,
        0.10122049797102393,
        0.07898358784495621,
        0.0431534347055184
      ],
      [
        0.41183141319222516,
        0.20095256898178374,
        0.11014244505069554,
        0.13845009874572345,
        0.09310829865268914,
        0.04551517537688298
      ],
      [
        0.4520789130748513,
        0.20572934715944333,
        0.11975767204507065,
        0.10237299375274427,
        0.08145210830262367,
        0.03860896566526663
      ],
      [
        0.13539289446029185,
        0.4110698231038777,
        0.09977476889600742,
        0.08545090250603143,
        0.22080195465059146,
        0.04750965638320002
      ],
      [
        0.3021669022715797,
        0.4005025147914445,
        0.10607910276620751,
        0.07791212329715966,
        0.06589443507880927,
        0.047444921794799234
      ],
      [
        0.2819099821701931,
        0.4135118174474373,
        0.10935852278107554,
        0.07602719293140885,
        0.07270107531657313,
        0.04649140935331218
      ],
      [
        0.12287173084450231,
        0.32890079267944555,
        0.11857383950759387,
        0.1931450166980995,
        0.17862010466931022,
        0.05788851560104838
      ],
      [
        0.2932581975449925,
        0.32164895744113464,
        0.1159020109975045,
        0.09388651335087081,
        0.1268826274639356,
        0.04842169320156182
      ],
      [
        0.35038295548295406,
        0.32914818375129284,
        0.11503751213837637,
        0.08018184421755006,
        0.07796035711558325,
        0.04728914729424335
      ],
      [
        0.3434583285936304,
        0.3284749600296466,
        0.12009968224650064,
        0.08267563451571966,
        0.0729391910428598,
        0.052352203571642816
      ],
      [
        0.18336955363950416,
        0.17786000591442785,
        0.10184391814638931,
        0.12146092883476389,
        0.3762733387919566,
        0.03919225467295818
      ],
      [
        0.4312396201011861,
        0.2677242336925275,
        0.10131689874297588,
        0.07290396222109569,
        0.0781905366074862,
        0.048624748634728675
      ],
      [
        0.445665983974054,
        0.20309561216691738,
        0.12174920110383583,
        0.09742615498143477,
        0.09114948692355705,
        0.040913560850200835
      ],
      [
        0.44545255408792866,
        0.20226660452798156,
        0.11857045175355245,
        0.0986223380686418,
        0.09387837696077463,
        0.04120967460112093
      ],
      [
        0.4451695062015293,
        0.20102901531930517,
        0.11332879533190873,
        0.1006438450888179,
        0.09818145880152881,
        0.041647379256910255
      ],
      [
        0.44458284718632884,
        0.1946812144377337,
        0.11313422392174438,
        0.10473008177468511,
        0.10098346297744008,
        0.04188816970206778
      ],
      [
        0.43314780348192694,
        0.21624167846821282,
        0.104027505099705,
        0.10090713476186415,
        0.10165333115633451,
        0.04402254703195653
      ],
      [
        0.2063273601398371,
        0.19887899202158232,
        0.10137478587575369,
        0.10225397911111438,
        0.33947230223467073,
        0.05169258061704183
      ],
      [
        0.04472864114013111,
        0.11320928221263711,
        0.05489418332127785,
        0.06464819687674549,
        0.04419719692267679,
        0.6783224995265316
      ],
      [
        0.13325393082909584,
        0.3991440693929776,
        0.11652129515148703,
        0.08948526568135794,
        0.2055014696429372,
        0.056093969302144185
      ],
      [
        0.04394089661826679,
        0.12757270726631315,
        0.056985407994181135,
        0.06489082193344597,
        0.04341140016283938,
        0.6631987660249535
      ],
      [
        0.24081976406196287,
        0.3139210324058828,
        0.12452808839393953,
        0.18052057335687022,
        0.08418715887347061,
        0.05602338290787387
      ],
      [
        0.3702351207841372,
        0.3012340275611796,
        0.12050263658217338,
        0.08347694208030329,
        0.07337848139140453,
        0.051172791600801924
      ],
      [
        0.41094412487323567,
        0.18817398076549804,
        0.12421899992781942,
        0.09819028897280684,
        0.12813397671495094,
        0.05033862874568911
      ],
      [
        0.3024778331226699,
        0.28613040411254037,
        0.16298721463786278,
        0.07914691836564805,
        0.1266350130306034,
        0.04262261673067545
      ],
      [
        0.4499567421299194,
        0.17279315808699883,
        0.16784488265605743,
        0.12031316125778971,
        0.058956830860299625,
        0.030135225008934972
      ]
    ],
    [
      [
        0.4906217254223453,
        0.13147664254981511,
        0.17419330525620297,
        0.10495105780225425,
        0.06718792713183123,
        0.031569341837551175
      ],
      [
        0.306034834921228,
        0.3103932644501453,
        0.18038446415432546,
        0.08671553933032493,
        0.06857929788075914,
        0.047892599263217116
      ],
      [
        0.15367133908435776,
        0.3152220301586767,
        0.13869807136971507,
        0.09185602899400065,
        0.24484440883341915,
        0.055708121559830605
      ],
      [
        0.3391176845133804,
        0.30429779428661513,
        0.1390479681173707,
        0.08188609135874893,
        0.07805044488506602,
        0.05760001683881883
      ],
      [
        0.46827287597099,
        0.20470016861146997,
        0.11378151602736786,
        0.08488477061437022,
        0.07781578249592652,
        0.05054488627987536
      ],
      [
        0.19225233303240283,
        0.1988235794918081,
        0.09470261234808655,
        0.0844650133841879,
        0.3809935669613216,
        0.048762894782193054
      ],
      [
        0.4944960402035491,
        0.16016959310133583,
        0.08867147268867828,
        0.06789856897778927,
        0.14268991558068775,
        0.046074409447959784
      ],
      [
        0.49406273477735163,
        0.17698596437146183,
        0.11516455554182199,
        0.07625719575022917,
        0.0871772311715649,
        0.05035231838757061
      ],
      [
        0.48154652120659186,
        0.17054087931100306,
        0.15757866758899405,
        0.07033881266959977,
        0.0763088955086371,
        0.04368622371517417
      ],
      [
        0.493044613512722,
        0.17381164251012743,
        0.15728105692229993,
        0.09441687794859273,
        0.051844106431474496,
        0.029601702674783403
      ],
      [
        0.415944989811065,
        0.22440976919201785,
        0.16504125907520012,
        0.0890478250864886,
        0.06655828488451157,
        0.03899787195071686
      ],
      [
        0.4193804380248684,
        0.28399832039097983,
