{
  "prediction": [
    [
      [
        0.45553892125504364,
        0.14047903674843218,
        0.17644728127183212,
        0.12874825436301818,
        0.06660902163165568,
        0.03217748473001829
      ],
      [
        0.45553892125504364,
        0.14047903674843218,
        0.17644728127183212,
        0.12874825436301818,
        0.06660902163165568,
        0.03217748473001829
      ],
      [
        0.45553892125504364,
        0.14047903674843218,
        0.17644728127183212,
        0.12874825436301818,
        0.06660902163165568,
        0.03217748473001829
      ],
      [
        0.4541277280098293,
        0.13669569831969258,
        0.17158204521342746,
        0.12529023995963287,
        0.0754633145982852,
        0.03684097389913248
      ],
      [
        0.4560724513828249,
        0.14182210698218956,
        0.17817442090084573,
        0.1299702211167753,
        0.06311506071300838,
        0.030845738904356088
      ],
      [
        0.4568339374634521,
        0.16574673522070904,
        0.16806485378565905,
        0.12255576020003996,
        0.05632449598371872,
        0.030474217346421167
      ],
      [
        0.4597477674630951,
        0.2121442290679291,
        0.14645756155864523,
        0.10670872139361955,
        0.045349335604754445,
        0.029592384911956725
      ],
      [
        0.46192940984242187,
        0.23550049383825714,
        0.1347522621264965,
        0.0981166781432072,
        0.04067114231279869,
        0.02903001373681876
      ],
      [
        0.4631043355320038,
        0.2449432620220599,
        0.13046758680027887,
        0.09495883775485996,
        0.038223891404252947,
        0.02830208648654451
      ],
      [
        0.4620540036569485,
        0.2351542767707161,
        0.13554388234935255,
        0.0986868862022053,
        0.04000182760945575,
        0.028559123411321684
      ],
      [
        0.460631383717265,
        0.22036157391512923,
        0.14305846930032098,
        0.10420242423222013,
        0.042834295400054845,
        0.0289118534350098
      ],
      [
        0.4587021731053147,
        0.1985840916758795,
        0.1530147116518732,
        0.11151897406184405,
        0.048302282471491355,
        0.02987776703359707
      ],
      [
        0.4575042910427359,
        0.1795426088286562,
        0.16189420210938693,
        0.11803090833949074,
        0.052790134255345005,
        0.030237855424385264
      ],
      [
        0.4584427695526921,
        0.19198493459116325,
        0.15689613664372945,
        0.11435163625547708,
        0.048833550961736485,
        0.029490971995201648
      ],
      [
        0.45773627803575884,
        0.1801373442810999,
        0.16242526389620696,
        0.11840530861354431,
        0.05159341368503419,
        0.029702391488355823
      ],
      [
        0.5156046173559383,
        0.18438650302104614,
        0.18917324244630793,
        0.08138034487826452,
        0.014739042317618087,
        0.014716249980824984
      ],
      [
        0.5153124540124716,
        0.17788028621353297,
        0.19370910598245242,
        0.08362838757204087,
        0.014752941546082544,
        0.014716824673419438
      ],
      [
        0.5150235415757334,
        0.15443704642029218,
        0.20969197664243452,
        0.09137769880281119,
        0.014752921557307511,
        0.014716815001421225
      ],
      [
        0.5168982494616103,
        0.20289520278222425,
        0.17592522864110896,
        0.07483260165549428,
        0.014732853867861322,
        0.014715863591700889
      ],
      [
        0.5198497772727373,
        0.2279989049625583,
        0.15725767106727193,
        0.06545209156741216,
        0.014726277961151356,
        0.014715277168868748
      ],
      [
        0.5168982494616103,
        0.20289520278222425,
        0.17592522864110896,
        0.07483260165549428,
        0.014732853867861322,
        0.014715863591700889
      ],
      [
        0.5150235415757334,
        0.15443704642029218,
        0.20969197664243452,
        0.09137769880281119,
        0.014752921557307511,
        0.014716815001421225
      ],
      [
        0.5150235415757334,
        0.15443704642029218,
        0.20969197664243452,
        0.09137769880281119,
        0.014752921557307511,
        0.014716815001421225
      ],
      [
        0.5150235415757334,
        0.15443704642029218,
        0.20969197664243452,
        0.09137769880281119,
        0.014752921557307511,
        0.014716815001421225
      ],
      [
        0.5150235415757334,
        0.15443704642029218,
        0.20969197664243452,
        0.09137769880281119,
        0.014752921557307511,
        0.014716815001421225
      ],
      [
        0.5150235415757334,
        0.15443704642029218,
        0.20969197664243452,
        0.09137769880281119,
        0.014752921557307511,
        0.014716815001421225
      ],
      [
        0.5150235415757334,
        0.15443704642029218,
        0.20969197664243452,
        0.09137769880281119,
        0.014752921557307511,
        0.014716815001421225
      ],
      [
        0.5150235415757334,
        0.15443704642029218,
        0.20969197664243452,
        0.09137769880281119,
        0.014752921557307511,
        0.014716815001421225
      ],
      [
        0.5150235415757334,
        0.15443704642029218,
        0.20969197664243452,
        0.09137769880281119,
        0.014752921557307511,
        0.014716815001421225
      ],
      [
        0.5150235415757334,
        0.15443704642029218,
        0.20969197664243452,
        0.09137769880281119,
        0.014752921557307511,
        0.014716815001421225
      ],
      [
        0.5150235415757334,
        0.15443704642029218,
        0.20969197664243452,
        0.09137769880281119,
        0.014752921557307511,
        0.014716815001421225
      ],
      [
        0.5150235415757334,
        0.15443704642029218,
        0.20969197664243452,
        0.09137769880281119,
        0.014752921557307511,
        0.014716815001421225
      ],
      [
        0.5150235415757334,
        0.15443704642029218,
        0.20969197664243452,
        0.09137769880281119,
        0.014752921557307511,
        0.014716815001421225
      ],
      [
        0.5150235415757334,
        0.15443704642029218,
        0.20969197664243452,
        0.09137769880281119,
        0.014752921557307511,
        0.014716815001421225
      ],
      [
        0.5150235415757334,
        0.15443704642029218,
        0.20969197664243452,
        0.09137769880281119,
        0.014752921557307511,
        0.014716815001421225
      ],
      [
        0.5153124540124716,
        0.17788028621353297,
        0.19370910598245242,
        0.08362838757204087,
        0.014752941546082544,
        0.014716824673419438
      ],
      [
        0.5150235415757334,
        0.15443704642029218,
        0.20969197664243452,
        0.09137769880281119,
        0.014752921557307511,
        0.014716815001421225
      ],
      [
        0.5150235415757334,
        0.15443704642029218,
        0.20969197664243452,
        0.09137769880281119,
        0.014752921557307511,
        0.014716815001421225
      ],
      [
        0.5150235415757334,
        0.15443704642029218,
        0.20969197664243452,
        0.09137769880281119,
        0.014752921557307511,
        0.014716815001421225
      ],
      [
        0.5150235415757334,
        0.15443704642029218,
        0.20969197664243452,
        0.09137769880281119,
        0.014752921557307511,
        0.014716815001421225
      ]
    ],
    [
      [
        0.45553892125504364,
        0.14047903674843218,
        0.17644728127183212,
        0.12874825436301818,
        0.06660902163165568,
        0.03217748473001829
      ],
      [
        0.24036711720195872,
        0.11744007327959172,
        0.11345278230518559,
        0.1051457727140794,
        0.38018343351938777,
        0.043410820979796656
      ],
      [
        0.4519270775905855,
        0.14001762258385242,
        0.13828002878892753,
        0.11758999965515672,
        0.11284527783150998,
        0.03933999354996788
      ],
      [
        0.45354967027010695,
        0.1647115740897818,
        0.1442458339328882,
        0.10221811889360309,
        0.10035386885467253,
        0.034920933958947506
      ],
      [
        0.4551790171829923,
        0.18335748086777742,
        0.14778430713612667,
        0.09658087104923026,
        0.08355333064817853,
        0.03354499311569482
      ],
      [
        0.4560731302415272,
        0.19329621831460536,
        0.1456763610845867,
        0.09596316825056785,
        0.07620984337826667,
        0.032781278730446284
      ],
      [
        0.1390961808901387,
        0.304860200065069,
        0.13456120833690685,
        0.08963958700674472,
        0.2862018708663419,
        0.04564095283479866
      ],
      [
        0.3671101256966866,
        0.22378878123193785,
        0.22787923039086744,
        0.0763471899762785,
        0.06551208925190509,
        0.03936258345232457
      ],
      [
        0.1295717543671534,
        0.3115020138136168,
        0.13537701974881852,
        0.16685314808081966,
        0.20660095956192348,
        0.05009510442766814
      ],
      [
        0.36769800714325807,
        0.3098146445331151,
        0.14477017846603837,
        0.07219546169564066,
        0.06592570871660783,
        0.03959599944533998
      ],
      [
        0.36969617647443853,
        0.30534287787741365,
        0.14566891727839676,
        0.07328212728583319,
        0.06625183822089752,
        0.03975806286302041
      ],
      [
        0.4438320374855712,
        0.18170981597059643,
        0.1276981413432121,
        0.12555557702265258,
        0.08846817337604075,
        0.03273625480192693
      ],
      [
        0.1403210181938096,
        0.2999126639623273,
        0.13423174563207568,
        0.08401222050324761,
        0.29813854401148276,
        0.043383807697057
      ],
      [
        0.16101362887786597,
        0.19880604408005872,
        0.12408883762492023,
        0.09938111290208822,
        0.37907625956798513,
        0.03763411694708149
      ],
      [
        0.16803446921244952,
        0.18694491618722509,
        0.12348526700124612,
        0.1046659435968304,
        0.37862609292844696,
        0.038243311073801856
      ],
      [
        0.18064696285051893,
        0.22318611114754688,
        0.16903533870768142,
        0.10865403484159515,
        0.2838090899703005,
        0.03466846248235705
      ],
      [
        0.3597120791145451,
        0.22887853196524133,
        0.19138095278313627,
        0.09722158731167821,
        0.08913226125007181,
        0.03367458757532714
      ],
      [
        0.17395462016719834,
        0.2325296401712946,
        0.1786992366479517,
        0.10754733725788763,
        0.2734774464921768,
        0.033791719263490935
      ],
      [
        0.4388112867809899,
        0.22987135658487717,
        0.15796797922448333,
        0.08020215979790009,
        0.06848836536273466,
        0.024658852249014776
      ],
      [
        0.43630110954897316,
        0.235023466230725,
        0.1592091281391787,
        0.07675505796587012,
        0.06812196548274076,
        0.024589272632512295
      ],
      [
        0.35920955198129423,
        0.2747541009660731,
        0.1903282954179244,
        0.08970054198830693,
        0.06250709778296178,
        0.02350041186343955
      ],
      [
        0.17095535001443948,
        0.2275239518028165,
        0.14989631341748105,
        0.08150781454780899,
        0.3458119495182333,
        0.024304620699220646
      ],
      [
        0.38599187004643404,
        0.25504753422189474,
        0.1843751654779067,
        0.08354871754863641,
        0.06673807643814292,
        0.024298636266985234
      ],
      [
        0.41138815928268824,
        0.24319104691560767,
        0.17297739636998385,
        0.07655531779089962,
        0.07081763065034258,
        0.025070448990477938
      ],
      [
        0.4208515616980366,
        0.2514119798921257,
        0.16646921003327747,
        0.06356591764499243,
        0.07234230062673744,
        0.02535903010483044
      ],
      [
        0.18517039004057662,
        0.2503705761055213,
        0.14768905460163043,
        0.06855481757701973,
        0.3230689772721021,
        0.02514618440314989
      ],
      [
        0.17998214037456528,
        0.26281701997310836,
        0.1512333024120646,
        0.0670903097820058,
        0.3140731921953694,
        0.02480403526288669
      ],
      [
        0.44006984466151833,
        0.23798971944282227,
        0.15515765275935692,
        0.06535030928067868,
        0.07547857085638793,
        0.02595390299923593
      ],
      [
        0.19649319527756057,
        0.22977140571717097,
        0.1373217659885315,
        0.067910500569786,
        0.3426043327536783,
        0.025898799693272724
      ],
      [
        0.49606112173489536,
        0.18486562368312773,
        0.1312716927530328,
        0.06131184659088041,
        0.09895288920995154,
        0.027536826028112013
      ],
      [
        0.48490178996773486,
        0.16161483900785065,
        0.14038721453575992,
        0.07332896448996837,
        0.11101291486500853,
        0.02875427713367773
      ],
      [
        0.4599151445257409,
        0.15531184167330583,
        0.14977184367988838,
        0.08276799464628762,
        0.12040709509997247,
        0.03182608037480462
      ],
      [
        0.5150235415757334,
        0.15443704642029218,
        0.20969197664243452,
        0.09137769880281119,
        0.014752921557307511,
        0.014716815001421225
      ],
      [
        0.26291001841317496,
        0.14322594886321297,
        0.1381925748983726,
        0.08209184573604741,
        0.3410694005287358,
        0.03251021156045619
      ],
      [
        0.42117298839624373,
        0.16691960990592677,
        0.16185754389273377,
        0.08996515975917066,
        0.12269250839098643,
        0.03739218965493868
      ],
      [
        0.42117298839624373,
        0.16691960990592677,
        0.16185754389273377,
        0.08996515975917066,
        0.12269250839098643,
        0.03739218965493868
      ],
      [
        0.23744618622819072,
        0.16535673548273785,
        0.15067853075743798,
        0.09217415843463797,
        0.316376572976309,
        0.03796781612068653
      ],
      [
        0.26291001841317496,
        0.14322594886321297,
        0.1381925748983726,
        0.08209184573604741,
        0.3410694005287358,
        0.03251021156045619
      ],
      [
        0.4599151445257409,
        0.15531184167330583,
        0.14977184367988838,
        0.08276799464628762,
        0.12040709509997247,
        0.03182608037480462
      ],
      [
        0.5150235415757334,
        0.15443704642029218,
        0.20969197664243452,
        0.09137769880281119,
        0.014752921557307511,
        0.014716815001421225
      ]
    ],
    [
      [
        0.45553892125504364,
        0.14047903674843218,
        0.17644728127183212,
        0.12874825436301818,
        0.06660902163165568,
        0.03217748473001829
      ],
      [
        0.45184691286154827,
        0.13473944638192245,
        0.14000024262537988,
        0.11909938398032913,
        0.11483866222515984,
        0.039475351925660325
      ],
      [
        0.45227783257136955,
        0.1781282940069095,
        0.09877754750334634,
        0.10831758130457486,
        0.1144445126843963,
        0.04805423192940346
      ],
      [
        0.45358162689072884,
        0.19226639504106904,
        0.11439782313793387,
        0.09706591521663258,
        0.09883723322395599,
        0.04385100648967958
      ],
      [
        0.1830547064573267,
        0.19029534616279878,
        0.10985760890255473,
        0.09409629752216342,
        0.3789718688583,
        0.0437241720968563
      ],
      [
        0.17129848704882458,
        0.19851013365972062,
        0.11260800163754854,
        0.09606274182326208,
        0.3789641314221704,
        0.04255650440847382
      ],
      [
        0.3632065854331763,
        0.3261117842147471,
        0.11584556728757599,
        0.08132581675507114,
        0.06770911554983207,
        0.04580113075959734
      ],
      [
        0.36063422661728867,
        0.33186339693827055,
        0.11503341777138215,
        0.079659701296532,
        0.06727088792412259,
        0.045538369452404026
      ],
      [
        0.3983369773558862,
        0.18410965467441318,
        0.10129076257501497,
        0.18916540530089082,
        0.07858272465719437,
        0.048514475436600514
      ],
      [
        0.2666273568835627,
        0.32720315800853084,
        0.11092685289155163,
        0.1537106600123147,
        0.08544658069744315,
        0.05608539150659681
      ],
      [
        0.12211443735784103,
        0.43121287417380955,
        0.10615927033217433,
        0.08584819791146947,
        0.20510734883407591,
        0.04955787139062946
      ],
      [
        0.3647187744942703,
        0.33229057035577003,
        0.11278211859236335,
        0.0762587334802703,
        0.06798282809867656,
        0.045966974978649475
      ],
      [
        0.4556540720167387,
        0.2100044123752257,
        0.1226146630522495,
        0.09463513635586267,
        0.07457831732430785,
        0.04251339887561548
      ],
      [
        0.1480805510390733,
        0.20593970110326265,
        0.10600628421768635,
        0.19795040308833672,
        0.28913800353507735,
        0.05288505701656368
      ],
      [
        0.28860887743188224,
        0.28699502458479015,
        0.11403144263878079,
        0.1019338238906427,
        0.14852665138731605,
        0.05990418006658822
      ],
      [
        0.38823561824699876,
        0.26531319597113057,
        0.12457674832206167,
        0.09184595844433421,
        0.08514735591718774,
        0.044881123098287096
      ],
      [
        0.10116248227514182,
        0.4796542716590365,
        0.1342782189199245,
        0.10302090644704899,
        0.11414721989936483,
        0.06773690079948326
      ],
      [
        0.21497690099878783,
        0.19169105335457412,
        0.12326023236241679,
        0.11176424621709376,
        0.30555382003039244,
        0.05275374703673506
      ],
      [
        0.27377152378112957,
        0.3336115567473936,
        0.12148630812092313,
        0.09975924635815314,
        0.10436058601644461,
        0.06701077897595599
      ],
      [
        0.19352159665300162,
        0.2847123688255198,
        0.12027038256014945,
        0.1042433724106638,
        0.2354513812065037,
        0.061800898344161755
      ],
      [
        0.13045464932546638,
        0.39765039017539733,
        0.12438178886014206,
        0.09177369902292004,
        0.20024647270450302,
        0.05549299991157106
      ],
      [
        0.3619868314209043,
        0.28826059371156454,
        0.12735340432990352,
        0.0912285310525369,
        0.07649002783675547,
        0.05468061164833517
      ],
      [
        0.3764294396299703,
        0.29394357039816527,
        0.12099640751158783,
        0.08426625498581518,
        0.07364625226338718,
        0.05071807521107428
      ],
      [
        0.1840898834449825,
        0.18510605989625467,
        0.11533543824992534,
        0.09537702337887669,
        0.3765469889941836,
        0.04354460603577719
      ],
      [
        0.4513360850675137,
        0.19956758588152448,
        0.12722217460743698,
        0.09495807625930167,
        0.08007516425515199,
        0.04684091392907123
      ],
      [
        0.18685328372428436,
        0.19257551526564864,
        0.11078696704598566,
        0.08952502038663913,
        0.37719502993336324,
        0.04306418364407869
      ],
      [
        0.17798708450419204,
        0.19562169443412622,
        0.1110123037655772,
        0.09183376132223066,
        0.3765712222190601,
        0.04697393375481376
      ],
      [
        0.45134684125284563,
        0.19903788359668007,
        0.12232146033035234,
        0.09585139617364204,
        0.08841845306231245,
        0.043023965584167566
      ],
      [
        0.4511755127760569,
        0.19854042885085585,
        0.11987059163064841,
        0.09541107430229212,
        0.09155188205257449,
        0.043450510387572
      ],
      [
        0.20924479921199116,
        0.17865583506176452,
        0.09849298250001644,
        0.09098630105989096,
        0.37763164553697615,
        0.04498843662936075
      ],
      [
        0.44990959939218145,
        0.1885163688370589,
        0.10291931139326684,
        0.10317206910782925,
        0.10909360646417877,
        0.046389044805484815
      ],
      [
        0.46792825984137804,
        0.20402975494817666,
        0.07725417516793422,
        0.0809026164101424,
        0.12044892475318757,
        0.04943626887918105
      ],
      [
        0.4599151445257409,
        0.15531184167330583,
        0.14977184367988838,
        0.08276799464628762,
        0.12040709509997247,
        0.03182608037480462
      ],
      [
        0.5153124540124716,
        0.17788028621353297,
        0.19370910598245242,
        0.08362838757204087,
        0.014752941546082544,
        0.014716824673419438
      ],
      [
        0.42117298839624373,
        0.16691960990592677,
        0.16185754389273377,
        0.08996515975917066,
        0.12269250839098643,
        0.03739218965493868
      ],
      [
        0.22098994673723907,
        0.24806452081886798,
        0.08034242247746633,
        0.11439829046832467,
        0.22866844159136493,
        0.10753637790673713
      ],
      [
        0.25192060272295436,
        0.19801400764283164,
        0.06799738437071126,
        0.09692301851349473,
        0.32749297865263266,
        0.057652008097375265
      ],
      [
        0.4323746630708906,
        0.20912947070425872,
        0.07443614245503954,
        0.09751412469560644,
        0.12964998618917267,
        0.05689561288503201
      ],
      [
        0.4599151445257409,
        0.15531184167330583,
        0.14977184367988838,
        0.08276799464628762,
        0.12040709509997247,
        0.03182608037480462
      ],
      [
        0.5150235415757334,
        0.15443704642029218,
        0.20969197664243452,
        0.09137769880281119,
        0.014752921557307511,
        0.014716815001421225
      ]
    ],
    [
      [
        0.4541277280098293,
        0.13669569831969258,
        0.17158204521342746,
        0.12529023995963287,
        0.0754633145982852,
        0.03684097389913248
      ],
      [
        0.45172447497192014,
        0.15033840011285404,
        0.13471797441999092,
        0.10882199433787161,
        0.11127570782832101,
        0.043121448329042335
      ],
      [
        0.4530434858282197,
        0.18942319548835207,
        0.10817522978917568,
        0.09973251723165287,
        0.10280277629769201,
        0.04682279536490761
      ],
      [
        0.4541377684638416,
        0.19887609242528878,
        0.11703653529050956,
        0.09807541497139036,
        0.08716103815178612,
        0.04471315069718354
      ],
      [
        0.45478793883405644,
        0.20209151332529657,
        0.1221902751928993,
        0.0988316840137905,
        0.07880176214291058,
        0.043296826491046686
      ],
      [
        0.36633375293363635,
        0.32249102150025644,
        0.11440374928260146,
        0.08238290563351808,
        0.06825717997082947,
        0.04613139067915831
      ],
      [
        0.2969675605207408,
        0.4082424582573432,
        0.10988634063286032,
        0.07308849204569563,
        0.0637899753729921,
        0.048025173170368037
      ],
      [
        0.12658275850745257,
        0.3246369697018058,
        0.11701023191734979,
        0.17573177930829967,
        0.19971533500541974,
        0.05632292555967244
      ],
      [
        0.2555536890626911,
        0.4414017701221212,
        0.10951565672828047,
        0.07659432302611088,
        0.07020204165741767,
        0.04673251940337881
      ],
      [
        0.30044762554985044,
        0.3299203278975327,
        0.10917171347034867,
        0.08486359292328201,
        0.1296867894650663,
        0.0459099506939199
      ],
      [
        0.3013270352001014,
        0.3287229769628335,
        0.10983027106463651,
        0.08403727265359563,
        0.13006758029691246,
        0.046014863821920514
      ],
      [
        0.4560969211347726,
        0.21356566778292524,
        0.12323222539662199,
        0.0925665792104775,
        0.07245008879495352,
        0.04208851768024921
      ],
      [
        0.3642800076881608,
        0.3041820173459976,
        0.12096432590758406,
        0.0802863691245772,
        0.0760391038839309,
        0.054248176049749394
      ],
      [
        0.1502734511173231,
        0.30363080924740704,
        0.1118941478941538,
        0.08733217868362247,
        0.2932527525826857,
        0.053616660474807794
      ],
      [
        0.4119925501047471,
        0.17007388206406265,
        0.11216062197148699,
        0.12769748250131785,
        0.13103163253356545,
        0.04704383082481997
      ],
      [
        0.3838630503186742,
        0.27119167188326837,
        0.12504166325373564,
        0.09122948291322494,
        0.08420614355478412,
        0.044467988076312796
      ],
      [
        0.3125505743421171,
        0.28887975298023216,
        0.12174605765760081,
        0.10676421671008333,
        0.10967982772111581,
        0.06037957058885054
      ],
      [
        0.12187838084383651,
        0.41975902439348467,
        0.11406043033780677,
        0.09068680504932324,
        0.203818096443984,
        0.049797262931564605
      ],
      [
        0.27224924319771543,
        0.3342577358019277,
        0.1219323555270015,
        0.10112562440252056,
        0.10377398737661543,
        0.06666105369421935
      ],
      [
        0.2570296520069729,
        0.2843785032154388,
        0.12473903175028775,
        0.15529946569949352,
        0.10713905990600711,
        0.0714142874217998
      ],
      [
        0.11963249846479967,
        0.42507481946390624,
        0.1176521728877257,
        0.08863120362589401,
        0.20000011196170006,
        0.049009193595974096
      ],
      [
        0.2829928627461081,
        0.38481238866794615,
        0.12742818612513435,
        0.08440844004292668,
        0.06797357210177285,
        0.05238455031611187
      ],
      [
        0.3517154639596336,
        0.30443108944360414,
        0.1278092150786321,
        0.08830903915978536,
        0.07442349581793592,
        0.05331169654040882
      ],
      [
        0.40809368687115893,
        0.18595021652474336,
        0.12736988706184815,
        0.09895857447387386,
        0.12869668569882692,
        0.050930949369548645
      ],
      [
        0.3668992114761933,
        0.29538600899919615,
        0.12557902624925632,
        0.07930782139426981,
        0.07748638848891494,
        0.05534154339216941
      ],
      [
        0.16820807094544457,
        0.1999625656872555,
        0.11696131743567002,
        0.09256963203155862,
        0.37649393329505276,
        0.04580448060501848
      ],
      [
        0.2822896524834464,
        0.3919023425499268,
        0.12224305032189543,
        0.06955834373419466,
        0.07512043725961728,
        0.05888617365091945
      ],
      [
        0.45196005307368053,
        0.20269331018241962,
        0.12718346521696958,
        0.09471673455837784,
        0.08075555052012509,
        0.04269088644842726
      ],
      [
        0.382730487599365,
        0.2915955175303371,
        0.11612090473638059,
        0.07904489371717861,
        0.07690964922167849,
        0.05359854719506025
      ],
      [
        0.19168037232944224,
        0.1875301874037019,
        0.10859794907799267,
        0.0915927308720794,
        0.37710864110508435,
        0.043490119211699374
      ],
      [
        0.451020513445681,
        0.19963213754462522,
        0.11748783119253614,
        0.09562418477784751,
        0.09053790838631423,
        0.04569742465299578
      ],
      [
        0.4498755019769874,
        0.22355155226615625,
        0.09044186940625398,
        0.07073436808583466,
        0.11268260540953914,
        0.05271410285522859
      ],
      [
        0.46203682959707587,
        0.17289036643813693,
        0.14379027552095164,
        0.07483705617119595,
        0.11480974009430588,
        0.03163573217833369
      ],
      [
        0.5150235415757334,
        0.15443704642029218,
        0.20969197664243452,
        0.09137769880281119,
        0.014752921557307511,
        0.014716815001421225
      ],
      [
        0.42117298839624373,
        0.16691960990592677,
        0.16185754389273377,
        0.08996515975917066,
        0.12269250839098643,
        0.03739218965493868
      ],
      [
        0.25192060272295436,
        0.19801400764283164,
        0.06799738437071126,
        0.09692301851349473,
        0.32749297865263266,
        0.057652008097375265
      ],
      [
        0.25192060272295436,
        0.19801400764283164,
        0.06799738437071126,
        0.09692301851349473,
        0.32749297865263266,
        0.057652008097375265
      ],
      [
        0.26817221970327937,
        0.17779577049253306,
        0.06433260961813161,
        0.09321177900721593,
        0.34475346309263794,
        0.0517341580862021
      ],
      [
        0.4599151445257409,
        0.15531184167330583,
        0.14977184367988838,
        0.08276799464628762,
        0.12040709509997247,
        0.03182608037480462
      ],
      [
        0.5150235415757334,
        0.15443704642029218,
        0.20969197664243452,
        0.09137769880281119,
        0.014752921557307511,
        0.014716815001421225
      ]
    ],
    [
      [
        0.456023199485575,
        0.14170151866268355,
        0.17801934869376365,
        0.12986050798518456,
        0.06343060564497273,
        0.030964819527820528
      ],
      [
        0.4523116228965789,
        0.1638263411965611,
        0.13310238431678853,
        0.10294039218653613,
        0.10523491135599737,
        0.04258434804753801
      ],
      [
        0.4527187665206498,
        0.18839959156774239,
        0.1085234480241366,
        0.09912923621608254,
        0.10122903612844415,
        0.04999992154294438
      ],
      [
        0.4534081696421602,
        0.1920635720577759,
        0.11851722554822586,
        0.10170145597198953,
        0.08664926411028288,
        0.04766031266956573
      ],
      [
        0.4548953224488143,
        0.1991748321973246,
        0.1216789591258532,
        0.10144344545132544,
        0.08429156585452201,
        0.03851587492216033
      ],
      [
        0.37143276800968644,
        0.3189149479524253,
        0.11036206124680446,
        0.08643735993285986,
        0.06944742359515875,
        0.04340543926306516
      ],
      [
        0.26205722593467445,
        0.43382418337465384,
        0.11409685445305934,
        0.07862934935808294,
        0.06281098006491007,
        0.04858140681461934
      ],
      [
        0.11543542054822278,
        0.4329837258369232,
        0.10981440358894486,
        0.11487450623973242,
        0.17715167418138653,
        0.04974026960479033
      ],
      [
        0.12164206914902846,
        0.3384229154477215,
        0.11391213290493339,
        0.19162219693917124,
        0.17734908811270447,
        0.0570515974464409
      ],
      [
        0.17373071680430616,
        0.3980207607487729,
        0.12930757835442497,
        0.09476892851116873,
        0.13288744218746704,
        0.07128457339386005
      ],
      [
        0.28600717753513405,
        0.4226818462804138,
        0.1070582518056331,
        0.0652358811470551,
        0.07056572359549171,
        0.04845111963627215
      ],
      [
        0.3523334188911335,
        0.33500872764989104,
        0.11365870996086537,
        0.07491480396662178,
        0.07732591380497382,
        0.04675842572651438
      ],
      [
        0.37357871897978073,
        0.3145930996906737,
        0.11438220181645747,
        0.0755474736456682,
        0.07221275432756984,
        0.04968575153985007
      ],
      [
        0.1485114638380276,
        0.310315993638027,
        0.10840498043695303,
        0.08300237476399708,
        0.29900281974402626,
        0.05076236757896889
      ],
      [
        0.454711124295219,
        0.20337027005670197,
        0.12176069298511888,
        0.09731792282517353,
        0.07705346486289041,
        0.045786524974896166
      ],
      [
        0.030337090434377545,
        0.1394845451076793,
        0.04976520883100232,
        0.057486426939894704,
        0.030099939512233553,
        0.6928267891748126
      ],
      [
        0.0406918026129532,
        0.10317660414181276,
        0.0531738247087496,
        0.06666379151246661,
        0.040234309720948006,
        0.6960596673030697
      ],
      [
        0.040298378155899796,
        0.11028613806815721,
        0.05450823853244709,
        0.06726527325868041,
        0.03984220253619181,
        0.6877997694486236
      ],
      [
        0.1293036602572698,
        0.39223607425708407,
        0.1096342088431618,
        0.09382360107942884,
        0.2271427175988112,
        0.04785973796424437
      ],
      [
        0.09420983074437307,
        0.48668730448238295,
        0.1448381576144067,
        0.1045957822485932,
        0.10616964978725216,
        0.0634992751229919
      ],
      [
        0.3618960270845367,
        0.2968971853962877,
        0.12555513114440459,
        0.09175968504409354,
        0.07287855265122362,
        0.05101341867945399
      ],
      [
        0.3117522913491536,
        0.33458023532825865,
        0.11347768255726731,
        0.08639686771762281,
        0.09045460466922203,
        0.06333831837847556
      ],
      [
        0.38572384184435554,
        0.18971475599375423,
        0.13323784242194148,
        0.10638619212410914,
        0.13197637362702005,
        0.05296099398881945
      ],
      [
        0.37812769937870555,
        0.30442510475224743,
        0.11923730444887533,
        0.07996143647205979,
        0.07071530507263561,
        0.04753314987547633
      ],
      [
        0.3694919379980614,
        0.2990470354689258,
        0.12486694634080887,
        0.08034284769212796,
        0.07431801083995655,
        0.051933221660119426
      ],
      [
        0.14808092924719846,
        0.30448684173437596,
        0.11752298558796012,
        0.08240699624365348,
        0.2965083990885484,
        0.05099384809826357
      ],
      [
        0.3758486399460707,
        0.3034683906872206,
        0.12007840143442643,
        0.07641880640449494,
        0.07353657182140547,
        0.050649189706381936
      ],
      [
        0.14917954423732263,
        0.3008308958649566,
        0.11618322239851517,
        0.08376547376278624,
        0.2987222591956928,
        0.05131860454072653
      ],
      [
        0.45071241047499266,
        0.18190960089760638,
        0.11930983737280317,
        0.1273993892153815,
        0.07936405280952333,
        0.041304709229692906
      ],
      [
        0.45192322459886264,
        0.20289682769497586,
        0.12603943494466927,
        0.09510895314407812,
        0.08125464455393676,
        0.04277691506347747
      ],
      [
        0.4513566395178338,
        0.19953990917896605,
        0.12285146576218937,
        0.09537625134761192,
        0.0871714071852543,
        0.04370432700814454
      ],
      [
        0.4630689657590708,
        0.23135761218850964,
        0.11455551695487987,
        0.06466202977357918,
        0.08432854085025927,
        0.04202733447370113
      ],
      [
        0.4924325747653317,
        0.19322318038956085,
        0.08718486010907703,
        0.07254660733138397,
        0.11039900685387534,
        0.04421377055077103
      ],
      [
        0.4599151445257409,
        0.15531184167330583,
        0.14977184367988838,
        0.08276799464628762,
        0.12040709509997247,
        0.03182608037480462
      ],
      [
        0.26817221970327937,
        0.17779577049253306,
        0.06433260961813161,
        0.09321177900721593,
        0.34475346309263794,
        0.0517341580862021
      ],
      [
        0.4323746630708906,
        0.20912947070425872,
        0.07443614245503954,
        0.09751412469560644,
        0.12964998618917267,
        0.05689561288503201
      ],
      [
        0.4658055536541568,
        0.1929168345941673,
        0.07164409201800546,
        0.09677800870573136,
        0.12328819833810535,
        0.04956731268983364
      ],
      [
        0.26817221970327937,
        0.17779577049253306,
        0.06433260961813161,
        0.09321177900721593,
        0.34475346309263794,
        0.0517341580862021
      ],
      [
        0.26291001841317496,
        0.14322594886321297,
        0.1381925748983726,
        0.08209184573604741,
        0.3410694005287358,
        0.03251021156045619
      ],
      [
        0.5150235415757334,
        0.15443704642029218,
        0.20969197664243452,
        0.09137769880281119,
        0.014752921557307511,
        0.014716815001421225
      ]
    ],
    [
      [
        0.4541277280098293,
        0.13669569831969258,
        0.17158204521342746,
        0.12529023995963287,
        0.0754633145982852,
        0.03684097389913248
      ],
      [
        0.4522218870592242,
        0.16207537892790372,
        0.1332636204396099,
        0.1037243687488531,
        0.10605449280140433,
        0.04266025202300476
      ],
      [
        0.45347160848265555,
        0.19544013067734042,
        0.10393610186597417,
        0.09948325760079577,
        0.10102846899641628,
        0.046640432376817774
      ],
      [
        0.4536660677156411,
        0.1960071650114712,
        0.1162726531864295,
        0.0999566461050706,
        0.08645263821103176,
        0.04764482977035585
      ],
      [
        0.3739722423423551,
        0.2891481753669307,
        0.11403576425030698,
        0.0892460067757998,
        0.07802869698686489,
        0.05556911427774245
      ],
      [
        0.4544104980932399,
        0.18690914961276,
        0.1122165262718272,
        0.13120565049839747,
        0.07568667887326873,
        0.0395714966505066
      ],
      [
        0.32904221756980007,
        0.3464017161395728,
        0.11674210340350456,
        0.08893652564093786,
        0.06915820872772506,
        0.04971922851845976
      ],
      [
        0.2593730526611066,
        0.44033166942527174,
        0.1122388686013985,
        0.0775994223380328,
        0.062264345264360886,
        0.0481926417098293
      ],
      [
        0.24485175251378974,
        0.3243689289841845,
        0.12119034960037803,
        0.17297519777493775,
        0.07574220165720148,
        0.06087156946950838
      ],
      [
        0.2569541010343711,
        0.326640629846725,
        0.11539994033759696,
        0.16302767964136114,
        0.081794909656811,
        0.05618273948313485
      ],
      [
        0.12927282193611803,
        0.3196134480014474,
        0.11551722321457537,
        0.17418159972311684,
        0.2040336935778839,
        0.05738121354685834
      ],
