{
  "prediction": [
    [
      [
        0.449742808582309,
        0.14552953813902011,
        0.18206506464779115,
        0.12491620839889174,
        0.06779972971499189,
        0.02994665051699625
      ],
      [
        0.449742808582309,
        0.14552953813902011,
        0.18206506464779115,
        0.12491620839889174,
        0.06779972971499189,
        0.02994665051699625
      ],
      [
        0.4489553795889058,
        0.14582248528436803,
        0.18232555130755299,
        0.12521565753159958,
        0.0677166744034414,
        0.029964251884132265
      ],
      [
        0.4489553795889058,
        0.14582248528436803,
        0.18232555130755299,
        0.12521565753159958,
        0.0677166744034414,
        0.029964251884132265
      ],
      [
        0.4489553795889058,
        0.14582248528436803,
        0.18232555130755299,
        0.12521565753159958,
        0.0677166744034414,
        0.029964251884132265
      ],
      [
        0.4489553795889058,
        0.14582248528436803,
        0.18232555130755299,
        0.12521565753159958,
        0.0677166744034414,
        0.029964251884132265
      ],
      [
        0.44833381712917625,
        0.1596298358602028,
        0.17106455905300513,
        0.11817063329570103,
        0.07156293107852191,
        0.031238223583392885
      ],
      [
        0.4489553795889058,
        0.14582248528436803,
        0.18232555130755299,
        0.12521565753159958,
        0.0677166744034414,
        0.029964251884132265
      ],
      [
        0.4489553795889058,
        0.14582248528436803,
        0.18232555130755299,
        0.12521565753159958,
        0.0677166744034414,
        0.029964251884132265
      ],
      [
        0.4489553795889058,
        0.14582248528436803,
        0.18232555130755299,
        0.12521565753159958,
        0.0677166744034414,
        0.029964251884132265
      ],
      [
        0.45796147767448336,
        0.1435297792191998,
        0.18064532699585278,
        0.12268461789731165,
        0.06476428773103166,
        0.03041451048212058
      ],
      [
        0.4493080639096058,
        0.1453960689943194,
        0.18184689079802696,
        0.1248250501004678,
        0.06844714912583763,
        0.030176777071742406
      ],
      [
        0.44944306648485405,
        0.16007840461563283,
        0.17626173112012664,
        0.12151903601075045,
        0.06290585966957737,
        0.02979190209905864
      ],
      [
        0.4499740630142236,
        0.1714794685931724,
        0.1711415692931045,
        0.11839464521952679,
        0.05936529411934165,
        0.029644959760631112
      ],
      [
        0.44944306648485405,
        0.16007840461563283,
        0.17626173112012664,
        0.12151903601075045,
        0.06290585966957737,
        0.02979190209905864
      ],
      [
        0.5150235415757334,
        0.15443704642029218,
        0.20969197664243452,
        0.09137769880281119,
        0.014752921557307511,
        0.014716815001421225
      ],
      [
        0.5150235415757334,
        0.15443704642029218,
        0.20969197664243452,
        0.09137769880281119,
        0.014752921557307511,
        0.014716815001421225
      ],
      [
        0.5150235415757334,
        0.15443704642029218,
        0.20969197664243452,
        0.09137769880281119,
        0.014752921557307511,
        0.014716815001421225
      ],
      [
        0.5150235415757334,
        0.15443704642029218,
        0.20969197664243452,
        0.09137769880281119,
        0.014752921557307511,
        0.014716815001421225
      ],
      [
        0.5150235415757334,
        0.15443704642029218,
        0.20969197664243452,
        0.09137769880281119,
        0.014752921557307511,
        0.014716815001421225
      ],
      [
        0.5150235415757334,
        0.15443704642029218,
        0.20969197664243452,
        0.09137769880281119,
        0.014752921557307511,
        0.014716815001421225
      ],
      [
        0.5150235415757334,
        0.15443704642029218,
        0.20969197664243452,
        0.09137769880281119,
        0.014752921557307511,
        0.014716815001421225
      ],
      [
        0.5150235415757334,
        0.15443704642029218,
        0.20969197664243452,
        0.09137769880281119,
        0.014752921557307511,
        0.014716815001421225
      ],
      [
        0.5150235415757334,
        0.15443704642029218,
        0.20969197664243452,
        0.09137769880281119,
        0.014752921557307511,
        0.014716815001421225
      ],
      [
        0.5150235415757334,
        0.15443704642029218,
        0.20969197664243452,
        0.09137769880281119,
        0.014752921557307511,
        0.014716815001421225
      ],
      [
        0.45106660510704716,
        0.1533165815319796,
        0.1785877141439835,
        0.1212905531268444,
        0.06584444598225524,
        0.029894100107890037
      ],
      [
        0.4560124169646043,
        0.13164083607153737,
        0.1655349274639328,
        0.11128569968790906,
        0.09145252568399799,
        0.044073594128018374
      ],
      [
        0.45956014795292094,
        0.14340521818591873,
        0.1807090940125214,
        0.12107624336560924,
        0.06502411601086769,
        0.030225180472162022
      ],
      [
        0.45125330844348216,
        0.14542653946450076,
        0.18214738972458647,
        0.12333817429898093,
        0.06807220283677623,
        0.02976238523167323
      ],
      [
        0.4507730504064883,
        0.15553748115727126,
        0.17828049654585587,
        0.12121438446580798,
        0.0645315638730563,
        0.02966302355152023
      ],
      [
        0.4504565804592443,
        0.14572277074236184,
        0.18241132347938482,
        0.12364065350367506,
        0.0679882414104565,
        0.029780430404877448
      ],
      [
        0.4504565804592443,
        0.14572277074236184,
        0.18241132347938482,
        0.12364065350367506,
        0.0679882414104565,
        0.029780430404877448
      ],
      [
        0.4504565804592443,
        0.14572277074236184,
        0.18241132347938482,
        0.12364065350367506,
        0.0679882414104565,
        0.029780430404877448
      ],
      [
        0.4524994219234326,
        0.17564522472026697,
        0.16884803344893437,
        0.1155269495025405,
        0.05809968632471513,
        0.029380684080110298
      ],
      [
        0.4519743212355186,
        0.16520976090904607,
        0.17363627366962192,
        0.1183422736183334,
        0.06131799908405249,
        0.029519371483427544
      ],
      [
        0.4523561726624808,
        0.17298516169084008,
        0.17008676778640983,
        0.11625548593939349,
        0.05889959116500077,
        0.029416820755875005
      ],
      [
        0.45118581447236167,
        0.16548115583675135,
        0.17389874227544397,
        0.11863717780754662,
        0.06125892253316266,
        0.029538187074733824
      ],
      [
        0.45987828522791185,
        0.1542627692618334,
        0.1761076042141895,
        0.11840748721800579,
        0.06128341090398411,
        0.030060443174075087
      ],
      [
        0.45125330844348216,
        0.14542653946450076,
        0.18214738972458647,
        0.12333817429898093,
        0.06807220283677623,
        0.02976238523167323
      ],
      [
        0.45956014795292094,
        0.14340521818591873,
        0.1807090940125214,
        0.12107624336560924,
        0.06502411601086769,
        0.030225180472162022
      ]
    ],
    [
      [
        0.449742808582309,
        0.14552953813902011,
        0.18206506464779115,
        0.12491620839889174,
        0.06779972971499189,
        0.02994665051699625
      ],
      [
        0.2090232710781454,
        0.16449626807990084,
        0.1492009910075416,
        0.09986168438144279,
        0.33627628557252737,
        0.04114149988044207
      ],
      [
        0.29157498077502547,
        0.24690400281752548,
        0.26434465467242646,
        0.07385060697503645,
        0.07145155245566284,
        0.051874202304323214
      ],
      [
        0.3686664938486096,
        0.1791623116374137,
        0.2743318230650314,
        0.07392788087501517,
        0.06494469478008763,
        0.0389667957938425
      ],
      [
        0.1425517463797075,
        0.1861294453170077,
        0.24652421736513525,
        0.0820459000523888,
        0.2969058384869196,
        0.045842852398841206
      ],
      [
        0.16315887664926038,
        0.1824580984325325,
        0.14668566903841107,
        0.09290035345764511,
        0.38056047209784355,
        0.03423653032430743
      ],
      [
        0.4577414209783158,
        0.18624335728349534,
        0.1554245620687331,
        0.09288173444648493,
        0.07267788256203947,
        0.03503104266093116
      ],
      [
        0.37568039447692386,
        0.2819672879885704,
        0.14082796846490406,
        0.0776844382314428,
        0.07505683276256218,
        0.04878307807559653
      ],
      [
        0.19040812535519153,
        0.17767657902018583,
        0.12421208241743358,
        0.09215720219527115,
        0.38106790653428413,
        0.03447810447763371
      ],
      [
        0.4552683562928324,
        0.17462129974479015,
        0.12771335682773832,
        0.09694747042187639,
        0.10791232728151291,
        0.037537189431249895
      ],
      [
        0.4556120064450913,
        0.17529680232568803,
        0.1297090320734105,
        0.09791423111912134,
        0.10634093295032734,
        0.03512699508636149
      ],
      [
        0.45699430364727006,
        0.1892172091786516,
        0.13459341026917943,
        0.09780034500065285,
        0.0886527499150179,
        0.03274198198922827
      ],
      [
        0.4574577898803409,
        0.19444073055161337,
        0.1352033364971357,
        0.09538927863129547,
        0.08482574758351662,
        0.032683116856097975
      ],
      [
        0.2001053636068629,
        0.1800174758915414,
        0.11370634339727122,
        0.09108057029603203,
        0.3817165403072267,
        0.03337370650106576
      ],
      [
        0.4153992872606334,
        0.17214242879961064,
        0.12440887776814931,
        0.09655721395739916,
        0.15005800234195835,
        0.04143418987224894
      ],
      [
        0.21629105206313848,
        0.19515805662779565,
        0.12445097605353207,
        0.07701455824575135,
        0.3601504133217826,
        0.026934943687999757
      ],
      [
        0.49207508011662743,
        0.1562144371152168,
        0.13896910933970005,
        0.07596101274577198,
        0.10891027488703439,
        0.027870085795649327
      ],
      [
        0.4910434003586996,
        0.13685536518914482,
        0.1494206652521546,
        0.08241853554022005,
        0.11229429991253564,
        0.02796773374724526
      ],
      [
        0.26924040831191826,
        0.1450831756909467,
        0.1286601778102234,
        0.07287031749405151,
        0.3545551009701424,
        0.029590819722717716
      ],
      [
        0.4910434003586996,
        0.13685536518914482,
        0.1494206652521546,
        0.08241853554022005,
        0.11229429991253564,
        0.02796773374724526
      ],
      [
        0.4910434003586996,
        0.13685536518914482,
        0.1494206652521546,
        0.08241853554022005,
        0.11229429991253564,
        0.02796773374724526
      ],
      [
        0.4712039532800288,
        0.16090767016132826,
        0.14316354214803328,
        0.07737307155283894,
        0.1168929517587468,
        0.030458811099023923
      ],
      [
        0.26924040831191826,
        0.1450831756909467,
        0.1286601778102234,
        0.07287031749405151,
        0.3545551009701424,
        0.029590819722717716
      ],
      [
        0.4712039532800288,
        0.16090767016132826,
        0.14316354214803328,
        0.07737307155283894,
        0.1168929517587468,
        0.030458811099023923
      ],
      [
        0.4170489387300996,
        0.1758598013314885,
        0.16738572511546712,
        0.09045858371638194,
        0.11151322302822812,
        0.037733728078334666
      ],
      [
        0.451337017570836,
        0.16039625098236115,
        0.17553261076687057,
        0.11949656439097159,
        0.06343229418919243,
        0.029805262099768103
      ],
      [
        0.45106660510704716,
        0.1533165815319796,
        0.1785877141439835,
        0.1212905531268444,
        0.06584444598225524,
        0.029894100107890037
      ],
      [
        0.4504565804592443,
        0.14572277074236184,
        0.18241132347938482,
        0.12364065350367506,
        0.0679882414104565,
        0.029780430404877448
      ],
      [
        0.45664864688139317,
        0.16547487024384722,
        0.13187264244026678,
        0.10241373114348178,
        0.10696811559051894,
        0.03662199370049218
      ],
      [
        0.22692098798837418,
        0.15181428937319863,
        0.10965031448609609,
        0.09355872572647952,
        0.37617636252634273,
        0.04187931989950887
      ],
      [
        0.21247850760788234,
        0.16177341583726518,
        0.1119663615260144,
        0.09052055086494912,
        0.3821755092900113,
        0.041085654873877636
      ],
      [
        0.45874725880706857,
        0.18999893537454865,
        0.1361044161824474,
        0.09354561655567183,
        0.08878875895433683,
        0.03281501412592655
      ],
      [
        0.4584457988157314,
        0.1801439587059547,
        0.12627179627884288,
        0.12491979476017694,
        0.07868332555523544,
        0.03153532588405841
      ],
      [
        0.18453156894306166,
        0.19265508692111089,
        0.11931826961691155,
        0.08825693039049368,
        0.3828980670011302,
        0.03234007712729193
      ],
      [
        0.4593729607117119,
        0.20045730156591138,
        0.13465012909862012,
        0.09311940725609064,
        0.0769422250941525,
        0.03545797627351328
      ],
      [
        0.224640544594718,
        0.17709187413653024,
        0.117676537066502,
        0.09678599330114987,
        0.33770257914096874,
        0.04610247176013115
      ],
      [
        0.4515717350254089,
        0.17324506682402335,
        0.17034991355894838,
        0.11654809641603665,
        0.05884920204623434,
        0.029435986129348307
      ],
      [
        0.44821110984794926,
        0.1678288284183936,
        0.1387646479787768,
        0.11122393401707238,
        0.10111631259941023,
        0.032855167138397735
      ],
      [
        0.45661682661411257,
        0.14890886901143216,
        0.14119065113810933,
        0.11157776234182576,
        0.10845701674538738,
        0.03324887414913267
      ],
      [
        0.45125330844348216,
        0.14542653946450076,
        0.18214738972458647,
        0.12333817429898093,
        0.06807220283677623,
        0.02976238523167323
      ]
    ],
    [
      [
        0.4489553795889058,
        0.14582248528436803,
        0.18232555130755299,
        0.12521565753159958,
        0.0677166744034414,
        0.029964251884132265
      ],
      [
        0.4574476862387626,
        0.17880619052332722,
        0.15665836461755495,
        0.09401139346203416,
        0.08121937170469605,
        0.03185699345362507
      ],
      [
        0.3825883801646242,
        0.29068667462824516,
        0.1269167710386205,
        0.07557563510085535,
        0.07699519629634051,
        0.04723734277131425
      ],
      [
        0.45529871455722715,
        0.16814920457793112,
        0.1271073732170263,
        0.12858981376141676,
        0.08218882077661052,
        0.038666073109788056
      ],
      [
        0.27542341900177497,
        0.1653172010150843,
        0.11307162368341712,
        0.08298521886606064,
        0.3224617026399744,
        0.04074083479368839
      ],
      [
        0.15521083152362114,
        0.3134870723894961,
        0.11708820829955371,
        0.07677228018347673,
        0.29159054762971476,
        0.04585105997413769
      ],
      [
        0.13632184045292853,
        0.37080159781967353,
        0.1326355225852991,
        0.08862563025586148,
        0.19774751342313163,
        0.07386789546310579
      ],
      [
        0.22617053547483054,
        0.18557751976742065,
        0.11371257726967886,
        0.09779734725883431,
        0.3225896193152122,
        0.05415240091402354
      ],
      [
        0.4558132432611055,
        0.19544337397077566,
        0.1135249121482977,
        0.09338692707045027,
        0.0986186909217798,
        0.04321285262759106
      ],
      [
        0.41448741838285896,
        0.17377377862769544,
        0.10940330273109973,
        0.09461754123988106,
        0.15665646055944074,
        0.051061498459024135
      ],
      [
        0.45539894204875586,
        0.19523251253574667,
        0.11266299326648797,
        0.09760618190058686,
        0.09095797879557307,
        0.048141391452849513
      ],
      [
        0.4149154457257831,
        0.18119381391238454,
        0.11263359745953352,
        0.0973810168792174,
        0.14617904044820385,
        0.047697085574877646
      ],
      [
        0.4556466925184779,
        0.18164955736563068,
        0.10685263907769903,
        0.1290664446859479,
        0.0875944148752349,
        0.03919025147700958
      ],
      [
        0.20275755105942067,
        0.18520124533246732,
        0.09891549203772657,
        0.09084418278234102,
        0.3814330524953822,
        0.04084847629266206
      ],
      [
        0.41482701325315563,
        0.18132833027258938,
        0.10967594866651603,
        0.09674481888770164,
        0.14811370167829294,
        0.0493101872417444
      ],
      [
        0.46580404350334925,
        0.22913895272513193,
        0.10242666529360056,
        0.07545670125959539,
        0.08490737642563147,
        0.04226626079269146
      ],
      [
        0.4932325713484055,
        0.20154111140835673,
        0.08629126951484874,
        0.07667461176615573,
        0.09697914121807005,
        0.04528129474416333
      ],
      [
        0.48025850561589317,
        0.20265718815315759,
        0.07374196537615897,
        0.07974347243434017,
        0.11652732758454304,
        0.047071540835906964
      ],
      [
        0.4787236104784613,
        0.19379211974232105,
        0.06897306927917604,
        0.09172257355518768,
        0.1195399314375513,
        0.047248695507302374
      ],
      [
        0.4787236104784613,
        0.19379211974232105,
        0.06897306927917604,
        0.09172257355518768,
        0.1195399314375513,
        0.047248695507302374
      ],
      [
        0.4787236104784613,
        0.19379211974232105,
        0.06897306927917604,
        0.09172257355518768,
        0.1195399314375513,
        0.047248695507302374
      ],
      [
        0.4787236104784613,
        0.19379211974232105,
        0.06897306927917604,
        0.09172257355518768,
        0.1195399314375513,
        0.047248695507302374
      ],
      [
        0.2698944164652797,
        0.17816372797686364,
        0.061725957860477104,
        0.08911777687843782,
        0.3518815425295662,
        0.04921657828937552
      ],
      [
        0.434895579820911,
        0.21986158962973612,
        0.0741481455716258,
        0.0964094280752559,
        0.11884018749132344,
        0.055845069411147794
      ],
      [
        0.4905115979437797,
        0.1958417878981139,
        0.10585076956697274,
        0.07452692027543717,
        0.08925668248797035,
        0.04401224182772611
      ],
      [
        0.45752148044488633,
        0.17760181465902075,
        0.14321959870265488,
        0.09795516476070724,
        0.08407842137248941,
        0.03962352006024134
      ],
      [
        0.4509809266084237,
        0.1608212005137946,
        0.17597580227170123,
        0.11985920260427552,
        0.06276538199968425,
        0.029597486002120657
      ],
      [
        0.4581231257655272,
        0.18211559839963937,
        0.13352859834205572,
        0.10264839247183777,
        0.09088224888626506,
        0.03270203613467487
      ],
      [
        0.23116010025416367,
        0.16433181518678455,
        0.08598516715725478,
        0.0913854584120362,
        0.3833950138422302,
        0.04374244514753058
      ],
      [
        0.22970206162997284,
        0.1712072595789696,
        0.08554090084297725,
        0.0859080025465751,
        0.3836348739298517,
        0.044006901471653585
      ],
      [
        0.21459793734380447,
        0.177858836165643,
        0.09570314080186954,
        0.08745476300817265,
        0.38299609349276703,
        0.04138922918774332
      ],
      [
        0.4573291489791028,
        0.18207711676825894,
        0.10659010524057319,
        0.12739885303869264,
        0.08763630298691248,
        0.03896847298645991
      ],
      [
        0.39270105264284316,
        0.3043120970793909,
        0.10353759079565827,
        0.07288798751945093,
        0.07856409771675897,
        0.047997174245897806
      ],
      [
        0.3894541450317601,
        0.30917089547922605,
        0.1040526088161973,
        0.07172226846615667,
        0.07793767665832135,
        0.04766240554833849
      ],
      [
        0.15270616433567386,
        0.3018560199497357,
        0.10257386831898953,
        0.08167804382196314,
        0.309670758968388,
        0.05151514460524979
      ],
      [
        0.4202782543093281,
        0.16565927967353414,
        0.10937977931887162,
        0.18998017437134937,
        0.0738340563079174,
        0.04086845601899918
      ],
      [
        0.4519513910183884,
        0.1799799541240276,
        0.1671863642301889,
        0.11468495643797488,
        0.056853778565539054,
        0.02934355562388128
      ],
      [
        0.45714998254484196,
        0.18302034185789165,
        0.12799312983900057,
        0.09778215102409543,
        0.09324619988641882,
        0.040808194847751555
      ],
      [
        0.23873614256987533,
        0.1402287742791609,
        0.10770313209731432,
        0.09408678874102241,
        0.3836599258689128,
        0.03558523644371421
      ],
      [
        0.4515988803378763,
        0.15614345424657897,
        0.17763379082627537,
        0.12069050595208551,
        0.06429969965899324,
        0.02963366897819069
      ]
    ],
    [
      [
        0.4489553795889058,
        0.14582248528436803,
        0.18232555130755299,
        0.12521565753159958,
        0.0677166744034414,
        0.029964251884132265
      ],
      [
        0.4568006598255331,
        0.17047486323527597,
        0.13850668792817306,
        0.12825788961497595,
        0.0746667450340583,
        0.03129315436198348
      ],
      [
        0.14839998820981715,
        0.2941291436887651,
        0.1199203941478449,
        0.08308251463567158,
        0.3053819005606705,
        0.04908605875723084
      ],
      [
        0.1395059731714445,
        0.39841838678070374,
        0.11679188142355666,
        0.07022787081621538,
        0.22638402240232725,
        0.048671865405752544
      ],
      [
        0.2642044168783716,
        0.24415595305258725,
        0.1355858947537097,
        0.1031086626887078,
        0.1815911092390962,
        0.07135396338752747
      ],
      [
        0.4558923341081829,
        0.18025766968479462,
        0.11740099874823642,
        0.1279826340802946,
        0.08026172378493306,
        0.038204639593558284
      ],
      [
        0.389086658214718,
        0.3030391164528574,
        0.11140587511856097,
        0.07367762603156834,
        0.07314292793856597,
        0.049647796243729336
      ],
      [
        0.39487042364277253,
        0.2994710043004536,
        0.10649076330635693,
        0.0746693167082366,
        0.074199994318939,
        0.050298497723241235
      ],
      [
        0.4556495086321193,
        0.19145709870696934,
        0.11499541674736422,
        0.0917375252815958,
        0.10384993072933847,
        0.04231051990261296
      ],
      [
        0.41461883290406903,
        0.18025934403755886,
        0.11395874510877867,
        0.09495673844242791,
        0.14636132774975763,
        0.04984501175740793
      ],
      [
        0.45642822341961026,
        0.19784381747181165,
        0.11830055265483351,
        0.09703898834616466,
        0.09074745111671077,
        0.03964096699086927
      ],
      [
        0.39307067821334357,
        0.30667726535584944,
        0.10374606660284019,
        0.0766672630532182,
        0.07185002833941086,
        0.04798869843533781
      ],
      [
        0.14468706945651563,
        0.4046166988420924,
        0.09465560812703398,
        0.07126633697587462,
        0.23447622598757276,
        0.05029806061091068
      ],
      [
        0.4177936759699145,
        0.16676771057103848,
        0.0935489589741044,
        0.1907238264346243,
        0.0822407483061277,
        0.04892507974419069
      ],
      [
        0.3981638266990692,
        0.2975523911186871,
        0.10041273964512219,
        0.07835929028018501,
        0.07482567069442433,
        0.050686081562512336
      ],
      [
        0.43043521139032254,
        0.25261016936615904,
        0.12003977619387542,
        0.0786181385531212,
        0.07857833909798288,
        0.039718365398538805
      ],
      [
        0.46580404350334925,
        0.22913895272513193,
        0.10242666529360056,
        0.07545670125959539,
        0.08490737642563147,
        0.04226626079269146
      ],
      [
        0.23539159884670774,
        0.200609049016728,
        0.07934953165950485,
        0.07942336591595062,
        0.36062423070033534,
        0.04460222386077345
      ],
      [
        0.48025850561589317,
        0.20265718815315759,
        0.07374196537615897,
        0.07974347243434017,
        0.11652732758454304,
        0.047071540835906964
      ],
      [
        0.48046654661834737,
        0.2035985098935631,
        0.07502104802081776,
        0.07743885734798377,
        0.11640457986487752,
        0.047070458254410585
      ],
      [
        0.48006510138716885,
        0.20181526359653332,
        0.07358570138865807,
        0.08085383669620577,
        0.11661137465048982,
        0.04706872228094417
      ],
      [
        0.2698944164652797,
        0.17816372797686364,
        0.061725957860477104,
        0.08911777687843782,
        0.3518815425295662,
        0.04921657828937552
      ],
      [
        0.2533601838947528,
        0.19374707438073907,
        0.0734235788305149,
        0.07058593781931757,
        0.36281171757297925,
        0.046071507501696224
      ],
      [
        0.4905115979437797,
        0.1958417878981139,
        0.10585076956697274,
        0.07452692027543717,
        0.08925668248797035,
        0.04401224182772611
      ],
      [
        0.1332159435759158,
        0.241757846765087,
        0.2737904034217555,
        0.08976792716425365,
        0.19213562762347502,
        0.06933225144951287
      ],
      [
        0.45640897883849624,
        0.18996834119569522,
        0.09732755687058861,
        0.112102518187774,
        0.09195364096095199,
        0.05223896394649398
      ],
      [
        0.4151808101643144,
        0.15615545306619882,
        0.12721282602605172,
        0.12312179405179462,
        0.13821015660596855,
        0.0401189600856717
      ],
      [
        0.4003720264134986,
        0.26670222824517403,
        0.10551585300837148,
        0.08712194378628192,
        0.08215903933212443,
        0.058128909214549454
      ],
      [
        0.457385968727813,
        0.19287772362106279,
        0.1090607086121704,
        0.10200810638669387,
        0.09711528510689836,
        0.04155220754536151
      ],
      [
        0.4570356511151318,
        0.17893402972240807,
        0.10142801131662108,
        0.1293415762781163,
        0.09360713804517125,
        0.03965359352255154
      ],
      [
        0.21496607533192838,
        0.18093995998688447,
        0.09550468056451113,
        0.08513990497595256,
        0.3832970435510698,
        0.04015233558965367
      ],
      [
        0.4575247288408757,
        0.18374428648890637,
        0.10790827306319445,
        0.12744044151032355,
        0.08476828050393527,
        0.0386139895927648
      ],
      [
        0.4575265051203029,
        0.18399409523288315,
        0.10854326793633678,
        0.12696379791425944,
        0.08417968690086505,
        0.03879264689535265
      ],
      [
        0.3859179100012429,
        0.31108150060843104,
        0.10620605424630736,
        0.07225166824377359,
        0.07724905984497298,
        0.04729380705527222
      ],
      [
        0.45895565243912895,
        0.20644876899722417,
        0.11940564121330716,
        0.09326895900199524,
        0.08311875152156228,
        0.03880222682678219
      ],
      [
        0.45890160610753655,
        0.18517749086088311,
        0.12488632868383538,
        0.12527405539581232,
        0.07463008442381894,
        0.031130434528113794
      ],
      [
        0.4518230186341868,
        0.19340694887842602,
        0.15702816291207808,
        0.10857641191629668,
        0.05839585238663304,
        0.03076960527237932
      ],
      [
        0.45118581447236167,
        0.16548115583675135,
        0.17389874227544397,
        0.11863717780754662,
        0.06125892253316266,
        0.029538187074733824
      ],
      [
        0.44810151130182047,
        0.16478117260666458,
        0.14098938884708087,
        0.11090585595829405,
        0.10230250005922482,
        0.03291957122691516
      ],
      [
        0.4504565804592443,
        0.14572277074236184,
        0.18241132347938482,
        0.12364065350367506,
        0.0679882414104565,
        0.029780430404877448
      ]
    ],
    [
      [
        0.4489553795889058,
        0.14582248528436803,
        0.18232555130755299,
        0.12521565753159958,
        0.0677166744034414,
        0.029964251884132265
      ],
      [
        0.45676766961404835,
        0.17319509206394873,
        0.13340754542961,
        0.12931898791656857,
        0.0758842737972397,
        0.031426431178584756
      ],
      [
        0.3849442823795484,
        0.29573015691542137,
        0.11627715042806594,
        0.07798084799043324,
        0.0775339776905176,
        0.047533584596013374
      ],
      [
        0.1969585840824979,
        0.1799863583914238,
        0.11353830116711239,
        0.08943779993641708,
        0.3810324511258742,
        0.03904650529667462
      ],
      [
        0.1504233435623649,
        0.30965141634413007,
        0.10953786176318805,
        0.07781479627602635,
        0.30682277747465464,
        0.04574980457963609
      ],
      [
        0.22127752645150262,
        0.16536142783949462,
        0.10385959060740386,
        0.11929714340799052,
        0.3442116272180601,
        0.04599268447554821
      ],
      [
        0.26944689028770324,
        0.17584218949453506,
        0.09785405906024457,
        0.0834533582529256,
        0.33179741415651587,
        0.04160608874807572
      ],
      [
        0.38554539405441673,
        0.2876484318469783,
        0.11137731096436232,
        0.07911040475180225,
        0.0797214518200052,
        0.05659700656243501
      ],
      [
        0.45528418722431446,
        0.18262484081682523,
        0.11015809588450885,
        0.1226885732597747,
        0.0868294809293366,
        0.04241482188524007
      ],
      [
        0.45500607033289403,
        0.17531832586289875,
        0.10791075259168874,
        0.12542763827550085,
        0.09634881765038661,
        0.03998839528663112
      ],
      [
        0.45530821636769686,
        0.1776935444182951,
        0.10915617772846982,
        0.1270526535514907,
        0.09153346552847133,
        0.03925594240557615
      ],
      [
        0.4553819886857491,
        0.17747141698075644,
        0.10762344686880398,
        0.1291209961559301,
        0.09160941310704601,
        0.038792738201714236
      ],
      [
        0.1949377058965502,
        0.3751820565394725,
        0.12151937627477269,
        0.09166018634287583,
        0.14274459747253726,
        0.07395607747379157
      ],
      [
        0.45572328720941274,
        0.18375515924322477,
        0.10919342339254141,
        0.12462974485652513,
        0.08786526120004083,
        0.03883312409825514
      ],
      [
        0.15515521357050965,
        0.29426378971376926,
        0.09998762016376479,
        0.08450599632500157,
        0.3136393760808834,
        0.05244800414607122
      ],
      [
        0.4369289815970274,
        0.24939368460169675,
        0.11626820831842671,
        0.07748315668631157,
        0.07973996424070551,
        0.04018600455583201
      ],
      [
        0.4792969158567059,
        0.21858847206708296,
        0.09745145641695793,
        0.07410387551926884,
        0.08732134248255947,
        0.043237937657424695
      ],
      [
        0.4915437524079418,
        0.19237625666739475,
        0.08827474747574796,
        0.07927427136690562,
        0.10261682236709549,
        0.045914149714914386
      ],
      [
        0.25623900356506957,
        0.18659582010691836,
        0.07276903926465998,
        0.07579854469836188,
        0.3623396410568119,
        0.0462579513081784
      ],
      [
        0.492266773491744,
        0.19576014605493286,
        0.09044568430265791,
        0.07452391818897318,
        0.10122831894133952,
        0.04577515902035255
      ],
      [
        0.4919224025045933,
        0.1942179510270557,
        0.08941084182481489,
        0.07679798890475058,
        0.1018175723726055,
        0.04583324336618002
      ],
      [
        0.4930288535394295,
        0.19939218579539922,
        0.08955372217131696,
        0.07167824558985005,
        0.10061141652223564,
        0.04573557638176866
      ],
      [
        0.470559376771367,
        0.21526048391949232,
        0.11644291282163467,
        0.06953561712081495,
        0.08564562337375115,
        0.04255598599293995
      ],
      [
        0.4389581052293251,
        0.21839447356155917,
        0.16657817707869296,
        0.07488442052760524,
        0.07527109791164296,
        0.025913725691174443
      ],
      [
        0.5170190835241004,
        0.20426841866774628,
        0.17491345606351313,
        0.07434583713932501,
        0.014737036542204889,
        0.014716168063110307
      ],
      [
        0.40999599177590756,
        0.14755579757854048,
        0.12338573911527843,
        0.19034260547285517,
        0.08632108362383469,
        0.042398782433583804
      ],
      [
        0.30292868883003987,
        0.3587401150108359,
        0.11757798012993656,
        0.08167050522692998,
        0.0781902224581366,
        0.06089248834412109
      ],
      [
        0.20391135950245692,
        0.17123819712446375,
        0.10634293762662621,
        0.09479425891392007,
        0.38192489402694113,
        0.041788352805591934
      ],
      [
        0.4159152265851294,
        0.17520708129025636,
        0.11290123123709811,
        0.09746316688155945,
        0.15084403491867565,
        0.04766925908728096
      ],
      [
        0.23143935409522703,
        0.16031877110239046,
        0.08330440215187727,
        0.18395204672491208,
        0.2926955146654711,
        0.048289911260122
      ],
      [
        0.45739065142641716,
        0.18417653119301255,
        0.10689636121501572,
        0.12394010398248705,
        0.08886382644962569,
        0.03873252573344179
      ],
      [
        0.27906050659278175,
        0.24780592857437775,
        0.1148655040264785,
        0.09916714574081395,
        0.18611268808185635,
        0.07298822698369159
      ],
      [
        0.3875172429589798,
        0.3111258943954447,
        0.10621158054756605,
        0.07964973505452064,
        0.06944081161585534,
        0.04605473542763335
      ],
      [
        0.28899849580023784,
        0.3054526429436009,
        0.10906094306403712,
        0.15528928859708535,
        0.08282302556883163,
        0.058375604026207034
      ],
      [
        0.18771131109419137,
        0.1938080031285191,
        0.10588241791745058,
        0.09079472124942914,
        0.3823519514643115,
        0.03945159514609842
      ],
      [
        0.376730844832599,
        0.30307985075995725,
        0.12554289942497876,
        0.07887290356843643,
        0.07108836045481252,
        0.04468514095921609
      ],
      [
        0.45259037754640663,
        0.19945614456383068,
        0.15468961591855745,
        0.10720704301843217,
        0.055707093195967214,
        0.030349725756805786
      ],
      [
        0.4582664039104018,
        0.19426599883804177,
        0.1255765953296394,
        0.0951737756326738,
        0.08976536121908961,
        0.03695186507015356
      ],
      [
        0.45646905049149655,
        0.1606099364664887,
        0.13374750330738122,
        0.1056922711320325,
        0.10687468323007651,
        0.03660655537252444
      ],
      [
        0.4504565804592443,
        0.14572277074236184,
        0.18241132347938482,
        0.12364065350367506,
        0.0679882414104565,
        0.029780430404877448
      ]
    ],
    [
      [
        0.4489553795889058,
        0.14582248528436803,
        0.18232555130755299,
        0.12521565753159958,
        0.0677166744034414,
        0.029964251884132265
      ],
      [
        0.18488823454026054,
        0.18321215063056898,
        0.12347764672192917,
        0.09408740004775247,
        0.38114661978102776,
        0.03318794827846111
      ],
      [
        0.15302560937495818,
        0.29138142476367673,
        0.11389306697011048,
        0.08767237495672131,
        0.2998436041922515,
        0.054183919742281775
      ],
      [
        0.3893675453425478,
        0.303916742987014,
        0.11132037127375233,
        0.07664313603186505,
        0.07117220523198327,
        0.04757999913283759
      ],
      [
        0.15151365458158272,
        0.3107920694174199,
        0.10436924279141502,
        0.0783057002755497,
        0.30898338982915335,
        0.04603594310487917
      ],
      [
        0.3791429375216029,
        0.30508092415818105,
        0.10837646442680154,
        0.0757284233199166,
        0.08237825646030132,
        0.04929299411319655
      ],
      [
        0.456785839161148,
        0.20159752977482773,
        0.11881144854155484,
        0.09251952104605586,
        0.09107249668474869,
        0.0392131647916648
      ],
      [
        0.4565505652847271,
        0.1998190288286032,
        0.11700927791099795,
        0.09234096348527346,
        0.09464684001266788,
        0.039633324477730505
      ],
      [
        0.4550419608961763,
        0.17698799498769816,
        0.10561749517795668,
        0.12422942229514775,
        0.09795720966004309,
        0.040165916982978056
      ],
      [
        0.2543658348725771,
        0.15929571008702895,
        0.09689027544284,
        0.09403886097614247,
        0.3433214113341393,
        0.05208790728727206
      ],
      [
        0.4551001047926291,
        0.17360560954299206,
        0.11024224561079193,
        0.1311768737413226,
        0.08958264847522383,
        0.040292517837040506
      ],
      [
        0.41352442462146954,
