{
  "prediction": [
    [
      [
        0.5150235415757334,
        0.15443704642029218,
        0.20969197664243452,
        0.09137769880281119,
        0.014752921557307511,
        0.014716815001421225
      ],
      [
        0.5150235415757334,
        0.15443704642029218,
        0.20969197664243452,
        0.09137769880281119,
        0.014752921557307511,
        0.014716815001421225
      ],
      [
        0.5150235415757334,
        0.15443704642029218,
        0.20969197664243452,
        0.09137769880281119,
        0.014752921557307511,
        0.014716815001421225
      ],
      [
        0.5150235415757334,
        0.15443704642029218,
        0.20969197664243452,
        0.09137769880281119,
        0.014752921557307511,
        0.014716815001421225
      ],
      [
        0.5150235415757334,
        0.15443704642029218,
        0.20969197664243452,
        0.09137769880281119,
        0.014752921557307511,
        0.014716815001421225
      ],
      [
        0.5150235415757334,
        0.15443704642029218,
        0.20969197664243452,
        0.09137769880281119,
        0.014752921557307511,
        0.014716815001421225
      ],
      [
        0.5150235415757334,
        0.15443704642029218,
        0.20969197664243452,
        0.09137769880281119,
        0.014752921557307511,
        0.014716815001421225
      ],
      [
        0.5150235415757334,
        0.15443704642029218,
        0.20969197664243452,
        0.09137769880281119,
        0.014752921557307511,
        0.014716815001421225
      ],
      [
        0.5150235415757334,
        0.15443704642029218,
        0.20969197664243452,
        0.09137769880281119,
        0.014752921557307511,
        0.014716815001421225
      ],
      [
        0.5150235415757334,
        0.15443704642029218,
        0.20969197664243452,
        0.09137769880281119,
        0.014752921557307511,
        0.014716815001421225
      ],
      [
        0.5153124540124716,
        0.17788028621353297,
        0.19370910598245242,
        0.08362838757204087,
        0.014752941546082544,
        0.014716824673419438
      ],
      [
        0.5150235415757334,
        0.15443704642029218,
        0.20969197664243452,
        0.09137769880281119,
        0.014752921557307511,
        0.014716815001421225
      ],
      [
        0.5150235415757334,
        0.15443704642029218,
        0.20969197664243452,
        0.09137769880281119,
        0.014752921557307511,
        0.014716815001421225
      ],
      [
        0.5150235415757334,
        0.15443704642029218,
        0.20969197664243452,
        0.09137769880281119,
        0.014752921557307511,
        0.014716815001421225
      ],
      [
        0.5150235415757334,
        0.15443704642029218,
        0.20969197664243452,
        0.09137769880281119,
        0.014752921557307511,
        0.014716815001421225
      ],
      [
        0.5150235415757334,
        0.15443704642029218,
        0.20969197664243452,
        0.09137769880281119,
        0.014752921557307511,
        0.014716815001421225
      ],
      [
        0.5150235415757334,
        0.15443704642029218,
        0.20969197664243452,
        0.09137769880281119,
        0.014752921557307511,
        0.014716815001421225
      ],
      [
        0.5150235415757334,
        0.15443704642029218,
        0.20969197664243452,
        0.09137769880281119,
        0.014752921557307511,
        0.014716815001421225
      ],
      [
        0.5150235415757334,
        0.15443704642029218,
        0.20969197664243452,
        0.09137769880281119,
        0.014752921557307511,
        0.014716815001421225
      ],
      [
        0.5150235415757334,
        0.15443704642029218,
        0.20969197664243452,
        0.09137769880281119,
        0.014752921557307511,
        0.014716815001421225
      ],
      [
        0.5150235415757334,
        0.15443704642029218,
        0.20969197664243452,
        0.09137769880281119,
        0.014752921557307511,
        0.014716815001421225
      ],
      [
        0.5150235415757334,
        0.15443704642029218,
        0.20969197664243452,
        0.09137769880281119,
        0.014752921557307511,
        0.014716815001421225
      ],
      [
        0.5150235415757334,
        0.15443704642029218,
        0.20969197664243452,
        0.09137769880281119,
        0.014752921557307511,
        0.014716815001421225
      ],
      [
        0.5150235415757334,
        0.15443704642029218,
        0.20969197664243452,
        0.09137769880281119,
        0.014752921557307511,
        0.014716815001421225
      ],
      [
        0.5150235415757334,
        0.15443704642029218,
        0.20969197664243452,
        0.09137769880281119,
        0.014752921557307511,
        0.014716815001421225
      ],
      [
        0.4504999740385806,
        0.14539298396818054,
        0.1819961533813343,
        0.12446899466100524,
        0.06779226988692878,
        0.029849624063970633
      ],
      [
        0.4504999740385806,
        0.14539298396818054,
        0.1819961533813343,
        0.12446899466100524,
        0.06779226988692878,
        0.029849624063970633
      ],
      [
        0.4587624703153795,
        0.14338178180028913,
        0.1805654967952728,
        0.12222474279806766,
        0.06475180137514797,
        0.03031370691584273
      ],
      [
        0.4587624703153795,
        0.14338178180028913,
        0.1805654967952728,
        0.12222474279806766,
        0.06475180137514797,
        0.03031370691584273
      ],
      [
        0.45006442291405263,
        0.14525938668355368,
        0.18177748419359427,
        0.12437841856840087,
        0.06844123250175464,
        0.030079055138643895
      ],
      [
        0.45006442291405263,
        0.14525938668355368,
        0.18177748419359427,
        0.12437841856840087,
        0.06844123250175464,
        0.030079055138643895
      ],
      [
        0.45006442291405263,
        0.14525938668355368,
        0.18177748419359427,
        0.12437841856840087,
        0.06844123250175464,
        0.030079055138643895
      ],
      [
        0.44879523976481905,
        0.159163367464501,
        0.17056854962211052,
        0.11751069408377157,
        0.07250300342044277,
        0.031459145644354924
      ],
      [
        0.45006442291405263,
        0.14525938668355368,
        0.18177748419359427,
        0.12437841856840087,
        0.06844123250175464,
        0.030079055138643895
      ],
      [
        0.4506212520449003,
        0.16132799830946043,
        0.17496489174145186,
        0.12026311645052222,
        0.06294167595523018,
        0.029881065498435062
      ],
      [
        0.4499611993998959,
        0.1538193856383304,
        0.17885016245463187,
        0.12270960270439288,
        0.0648889456457502,
        0.029770704156998812
      ],
      [
        0.4502366274859355,
        0.16097934534475536,
        0.17574233556813662,
        0.12082937387865245,
        0.06252993050594463,
        0.029682387216575505
      ],
      [
        0.45130487000364056,
        0.1670678004653701,
        0.17264335459457691,
        0.11881855700242884,
        0.06058285500262961,
        0.02958256293135402
      ],
      [
        0.45158898358705524,
        0.17275775708568078,
        0.17004557590519617,
        0.11724743708751685,
        0.058852883006262124,
        0.029507363328288974
      ],
      [
        0.45130487000364056,
        0.1670678004653701,
        0.17264335459457691,
        0.11881855700242884,
        0.06058285500262961,
        0.02958256293135402
      ]
    ],
    [
      [
        0.5150235415757334,
        0.15443704642029218,
        0.20969197664243452,
        0.09137769880281119,
        0.014752921557307511,
        0.014716815001421225
      ],
      [
        0.27289948968628097,
        0.12740186411717197,
        0.1294149837820999,
        0.07938598800880864,
        0.3632888096036826,
        0.027608864801955922
      ],
      [
        0.4910434003586996,
        0.13685536518914482,
        0.1494206652521546,
        0.08241853554022005,
        0.11229429991253564,
        0.02796773374724526
      ],
      [
        0.4910434003586996,
        0.13685536518914482,
        0.1494206652521546,
        0.08241853554022005,
        0.11229429991253564,
        0.02796773374724526
      ],
      [
        0.27289948968628097,
        0.12740186411717197,
        0.1294149837820999,
        0.07938598800880864,
        0.3632888096036826,
        0.027608864801955922
      ],
      [
        0.4910434003586996,
        0.13685536518914482,
        0.1494206652521546,
        0.08241853554022005,
        0.11229429991253564,
        0.02796773374724526
      ],
      [
        0.4712039532800288,
        0.16090767016132826,
        0.14316354214803328,
        0.07737307155283894,
        0.1168929517587468,
        0.030458811099023923
      ],
      [
        0.4712039532800288,
        0.16090767016132826,
        0.14316354214803328,
        0.07737307155283894,
        0.1168929517587468,
        0.030458811099023923
      ],
      [
        0.26924040831191826,
        0.1450831756909467,
        0.1286601778102234,
        0.07287031749405151,
        0.3545551009701424,
        0.029590819722717716
      ],
      [
        0.4163173461052039,
        0.17053066603133762,
        0.16928535462664876,
        0.09171175529197866,
        0.11423033733987978,
        0.03792454060495133
      ],
      [
        0.49691169764451576,
        0.19381041254347298,
        0.12845219809341482,
        0.06496726056752815,
        0.08791209866741162,
        0.02794633248365668
      ],
      [
        0.47169124311118593,
        0.22366984233415965,
        0.13528890666736962,
        0.06174624116332796,
        0.08066531462286941,
        0.026938452101087466
      ],
      [
        0.45111420156027393,
        0.23206683528857278,
        0.1473010131891193,
        0.06592775279075797,
        0.07729199879343003,
        0.02629819837784584
      ],
      [
        0.49695558305467175,
        0.1916098004511619,
        0.13321925173055577,
        0.06541646975092584,
        0.08505616298165691,
        0.027742732031027874
      ],
      [
        0.4952802533295978,
        0.18203357720278035,
        0.1357522969272234,
        0.06919707846268904,
        0.0897039137211929,
        0.028032880356516583
      ],
      [
        0.4965129038965604,
        0.18829791343433216,
        0.13552324146126535,
        0.06669212198149613,
        0.08522779919204286,
        0.027746020034303036
      ],
      [
        0.469397989455866,
        0.2079515854282552,
        0.14190863484470204,
        0.07358328247131467,
        0.08029103865843613,
        0.02686746914142593
      ],
      [
        0.4852287890749297,
        0.20061141609620192,
        0.13735242270701103,
        0.06657050631616994,
        0.08287855245319811,
        0.027358313352489283
      ],
      [
        0.5150235415757334,
        0.15443704642029218,
        0.20969197664243452,
        0.09137769880281119,
        0.014752921557307511,
        0.014716815001421225
      ],
      [
        0.5153124540124716,
        0.17788028621353297,
        0.19370910598245242,
        0.08362838757204087,
        0.014752941546082544,
        0.014716824673419438
      ],
      [
        0.22486697914792886,
        0.18416974911630177,
        0.12781779901626303,
        0.07566774588928903,
        0.36024592887489093,
        0.02723179795532648
      ],
      [
        0.2285896837255586,
        0.1757413464253931,
        0.12928728957187577,
        0.07913831619995079,
        0.3598941646467967,
        0.027349199430425082
      ],
      [
        0.47110096631060083,
        0.1794473799110969,
        0.13936542267396815,
        0.07596962851882266,
        0.10393834799283685,
        0.030178254592674564
      ],
      [
        0.49183158339767763,
        0.15487733714576085,
        0.13941386233545477,
        0.07860532799101413,
        0.10746304710295858,
        0.027808842027133893
      ],
      [
        0.49394223744144816,
        0.1721415488713522,
        0.1391730923596769,
        0.07138728508656138,
        0.09501741571183592,
        0.028338420529125302
      ],
      [
        0.22099486981974165,
        0.15251052697113038,
        0.11322281440750318,
        0.0933962771334465,
        0.3820408096878641,
        0.03783470198031407
      ],
      [
        0.45588251324499107,
        0.17459201230768717,
        0.1330523099871754,
        0.10035088403327591,
        0.09501039143716333,
        0.041111888989706996
      ],
      [
        0.45689257797806343,
        0.17468805362177198,
        0.14345041801019612,
        0.10074580057552748,
        0.08893578836684651,
        0.035287361447594354
      ],
      [
        0.39572002634813597,
        0.2606008492340451,
        0.13526319664139297,
        0.07903375990957845,
        0.07859645269895796,
        0.05078571516788971
      ],
      [
        0.45716055950829376,
        0.17440500462961261,
        0.15478971686894366,
        0.09576769580073048,
        0.07890573666235623,
        0.03897128653006319
      ],
      [
        0.4579929931343604,
        0.1758664853606142,
        0.16116597613636308,
        0.0925573618110945,
        0.07690429023417973,
        0.03551289332338812
      ],
      [
        0.3855163617367375,
        0.16433232536412815,
        0.25677471880638103,
        0.07581007861138803,
        0.07226101609288035,
        0.045305499388485056
      ],
      [
        0.457919211909973,
        0.17729606174301357,
        0.16088059616162298,
        0.09303466692046063,
        0.0728825883010638,
        0.03798687496386606
      ],
      [
        0.3812350016550742,
        0.16860415976938303,
        0.25602966010776923,
        0.07771227533596534,
        0.07151737961012668,
        0.04490152352168158
      ],
      [
        0.458289519101533,
        0.18141486568220588,
        0.15520982653013277,
        0.09458077178834522,
        0.07733987604017845,
        0.03316514085760457
      ],
      [
        0.45818825757314435,
        0.18141409558942406,
        0.1545219670537015,
        0.09308833138478936,
        0.07939264142405433,
        0.03339470697488641
      ],
      [
        0.18989081675318403,
        0.17264828194323328,
        0.13453526041383723,
        0.08782370543689336,
        0.3817682306666891,
        0.03333370478616307
      ],
      [
        0.1768277207026713,
        0.17815808747952475,
        0.1377938043757717,
        0.08769651923131659,
        0.3809749624528013,
        0.038548905757914365
      ],
      [
        0.14978365252277975,
        0.16832876931731489,
        0.13174012830397236,
        0.19131180315930563,
        0.3107858324492625,
        0.04804981424736486
      ],
      [
        0.45158898358705524,
        0.17275775708568078,
        0.17004557590519617,
        0.11724743708751685,
        0.058852883006262124,
        0.029507363328288974
      ]
    ],
    [
      [
        0.5150235415757334,
        0.15443704642029218,
        0.20969197664243452,
        0.09137769880281119,
        0.014752921557307511,
        0.014716815001421225
      ],
      [
        0.4910434003586996,
        0.13685536518914482,
        0.1494206652521546,
        0.08241853554022005,
        0.11229429991253564,
        0.02796773374724526
      ],
      [
        0.4890676568893573,
        0.17063516605118417,
        0.07725998583098621,
        0.10224860169994651,
        0.11624884781988314,
        0.044539741708642805
      ],
      [
        0.4787236104784613,
        0.19379211974232105,
        0.06897306927917604,
        0.09172257355518768,
        0.1195399314375513,
        0.047248695507302374
      ],
      [
        0.4890676568893573,
        0.17063516605118417,
        0.07725998583098621,
        0.10224860169994651,
        0.11624884781988314,
        0.044539741708642805
      ],
      [
        0.4787236104784613,
        0.19379211974232105,
        0.06897306927917604,
        0.09172257355518768,
        0.1195399314375513,
        0.047248695507302374
      ],
      [
        0.47218566046045857,
        0.19527844328507946,
        0.07054403746059872,
        0.09264074270913383,
        0.120862201022638,
        0.048488915062091444
      ],
      [
        0.4787236104784613,
        0.19379211974232105,
        0.06897306927917604,
        0.09172257355518768,
        0.1195399314375513,
        0.047248695507302374
      ],
      [
        0.4332607140942383,
        0.21441503572430434,
        0.07581345366577226,
        0.09858649382507098,
        0.12181621962348034,
        0.056108083067133774
      ],
      [
        0.24098536602389364,
        0.2018738026183679,
        0.07900856263394532,
        0.07127250370390882,
        0.3617735061900756,
        0.04508625882980874
      ],
      [
        0.17280462977598748,
        0.3271766063795787,
        0.12250498846864692,
        0.08219681543835221,
        0.2089036919020734,
        0.08641326803536135
      ],
      [
        0.44698277578045714,
        0.24653126620546698,
        0.1174389226630988,
        0.06668458947560674,
        0.08147989771308327,
        0.040882548162287105
      ],
      [
        0.4401196831219043,
        0.2501168344154061,
        0.12100335177821304,
        0.06811908380593168,
        0.08025255512725103,
        0.04038849175129378
      ],
      [
        0.4466270779517834,
        0.24367363012586002,
        0.11984415160574337,
        0.06760301899633635,
        0.08140191719444165,
        0.04085020412583502
      ],
      [
        0.47471672978624596,
        0.22389176455446563,
        0.10468280496402911,
        0.06736553077013503,
        0.08645639615368689,
        0.042886773771437334
      ],
      [
        0.4755016546722278,
        0.21499722117831574,
        0.10514799070664142,
        0.07480302679911005,
        0.08660362202497247,
        0.04294648461873251
      ],
      [
        0.4568523570000395,
        0.22187340586812695,
        0.1157354421810265,
        0.08069902051143091,
        0.08324616819487768,
        0.04159360624449838
      ],
      [
        0.4670106139436578,
        0.22083720079357116,
        0.10976552050747994,
        0.07498425784402046,
        0.08507286437462705,
        0.0423295425366435
      ],
      [
        0.19841526364188009,
        0.22943785416446336,
        0.1293689989740146,
        0.07092981828543629,
        0.3458149867715752,
        0.026033078162630466
      ],
      [
        0.4651266393374992,
        0.22083877186804798,
        0.1394617122710645,
        0.06824173620208797,
        0.07959552802830823,
        0.02673561229299211
      ],
      [
        0.22705771152282722,
        0.2070407613864896,
        0.08619492675804062,
        0.0755343600449039,
        0.3602729682827077,
        0.043899272005030854
      ],
      [
        0.22966617943650405,
        0.1970092697475729,
        0.08968028606154804,
        0.08028119979809317,
        0.35930615405103167,
        0.044056910905250275
      ],
      [
        0.4879977998680132,
        0.20866668678229428,
        0.08246065140256038,
        0.06873591214042334,
        0.10695286868049297,
        0.0451860811262158
      ],
      [
        0.47625473627324055,
        0.20237053559260135,
        0.08246347475247305,
        0.07703186648115201,
        0.1144603689814046,
        0.04741901791912832
      ],
      [
        0.2641386479782268,
        0.15885745586715705,
        0.08061012515511788,
        0.09144053981946101,
        0.3608574019101179,
        0.04409582926991951
      ],
      [
        0.4551225924229834,
        0.1720715021348721,
        0.1056462681835735,
        0.11443632591162287,
        0.1089531628899221,
        0.04377014845702613
      ],
      [
        0.4548952063647894,
        0.16917243114376035,
        0.1031608572768521,
        0.10735725483240523,
        0.12008716900632355,
        0.045327081375869244
      ],
      [
        0.45476482616794683,
        0.1751489622429832,
        0.10950256305515792,
        0.10896134331698624,
        0.10202088254166865,
        0.049601422675257245
      ],
      [
        0.4556976887002597,
        0.1796546174076621,
        0.12041467163250386,
        0.10455540258743472,
        0.0965596635256127,
        0.043117956146527116
      ],
      [
        0.4554739141757098,
        0.17912809606056831,
        0.12494155219577721,
        0.10489753696571635,
        0.08811004704330055,
        0.04744885355892775
      ],
      [
        0.45611484329468865,
        0.17897959995109122,
        0.13001438405680693,
        0.09756187123108993,
        0.09682940588326999,
        0.04049989558305328
      ],
      [
        0.456330312123897,
        0.1841676946490191,
        0.13650053203606566,
        0.09520684896216523,
        0.08155291624698437,
        0.04624169598186871
      ],
      [
        0.19035310457109014,
        0.35152196642760625,
        0.14226407935309118,
        0.0949193973353185,
        0.1446316510906953,
        0.07630980122219864
      ],
      [
        0.3914127411373487,
        0.2882669819463825,
        0.1200461958727519,
        0.07737132230506209,
        0.0732400636721499,
        0.0496626950663048
      ],
      [
        0.4145821072804653,
        0.1762785005911498,
        0.12654267812082354,
        0.09682987634280521,
        0.13592993553651264,
        0.049836902128243425
      ],
      [
        0.414760029744661,
        0.1733556795281693,
        0.12364892315061415,
        0.09398831029532669,
        0.14472389545896275,
        0.049523161822266154
      ],
      [
        0.4566696233454433,
        0.18806981558165722,
        0.12951262428453195,
        0.09116110036732604,
        0.09323747621921095,
        0.04134936020183068
      ],
      [
        0.22888980347339952,
        0.17402654723397817,
        0.120655846404729,
        0.09508503996716407,
        0.3268424198798626,
        0.05450034304086673
      ],
      [
        0.38942950544077937,
        0.16791504447392552,
        0.2500518045355289,
        0.07389840161276268,
        0.07299546050716477,
        0.04570978342983869
      ],
      [
        0.45130487000364056,
        0.1670678004653701,
        0.17264335459457691,
        0.11881855700242884,
        0.06058285500262961,
        0.02958256293135402
      ]
    ],
    [
      [
        0.5150235415757334,
        0.15443704642029218,
        0.20969197664243452,
        0.09137769880281119,
        0.014752921557307511,
        0.014716815001421225
      ],
      [
        0.4910434003586996,
        0.13685536518914482,
        0.1494206652521546,
        0.08241853554022005,
        0.11229429991253564,
        0.02796773374724526
      ],
      [
        0.4787236104784613,
        0.19379211974232105,
        0.06897306927917604,
        0.09172257355518768,
        0.1195399314375513,
        0.047248695507302374
      ],
      [
        0.2698944164652797,
        0.17816372797686364,
        0.061725957860477104,
        0.08911777687843782,
        0.3518815425295662,
        0.04921657828937552
      ],
      [
        0.2698944164652797,
        0.17816372797686364,
        0.061725957860477104,
        0.08911777687843782,
        0.3518815425295662,
        0.04921657828937552
      ],
      [
        0.4890676568893573,
        0.17063516605118417,
        0.07725998583098621,
        0.10224860169994651,
        0.11624884781988314,
        0.044539741708642805
      ],
      [
        0.4787236104784613,
        0.19379211974232105,
        0.06897306927917604,
        0.09172257355518768,
        0.1195399314375513,
        0.047248695507302374
      ],
      [
        0.4787236104784613,
        0.19379211974232105,
        0.06897306927917604,
        0.09172257355518768,
        0.1195399314375513,
        0.047248695507302374
      ],
      [
        0.4930898322918097,
        0.19963269665763528,
        0.0904185059393185,
        0.07122184319668963,
        0.09997982858582145,
        0.045657293328725444
      ],
      [
        0.47008694709346793,
        0.23106490877266517,
        0.10498447174393903,
        0.06567572807466389,
        0.0856325127680917,
        0.042555431547172215
      ],
      [
        0.4146526923412322,
        0.17881480475883071,
        0.1088250834814254,
        0.09174738667478871,
        0.15430048673884594,
        0.05165954600487703
      ],
      [
        0.45519675775437896,
        0.18044045203278805,
        0.1069102098644235,
        0.1264002880805948,
        0.09111227798065599,
        0.0399400142871586
      ],
      [
        0.15555564999618232,
        0.2935699265777975,
        0.10391140826800499,
        0.07996830673885771,
        0.3144251233551132,
        0.0525695850640441
      ],
      [
        0.45633691889972294,
        0.20128825865036387,
        0.11971933266987728,
        0.0921594019095893,
        0.08819490826056864,
        0.04230117960987805
      ],
      [
        0.45557100980244997,
        0.19738663975740103,
        0.11773107449167124,
        0.09537023725027,
        0.08653625950918412,
        0.047404779189023666
      ],
      [
        0.41311029034309354,
        0.1730670086970913,
        0.11119428170716943,
        0.0975856332884985,
        0.14866200151575945,
        0.05638078444838778
      ],
      [
        0.39829302005991807,
        0.26818812532297814,
        0.10569544970702036,
        0.0870876912847514,
        0.08237354708798912,
        0.05836216653734306
      ],
      [
        0.4549965421411769,
        0.19222006247704967,
        0.11357034961985658,
        0.09975922559941094,
        0.09125016753050648,
        0.048203652631999404
      ],
      [
        0.45538323895229527,
        0.19444667959867595,
        0.11342313835210154,
        0.09890175707138996,
        0.09260014080340104,
        0.04524504522213627
      ],
      [
        0.13307453171890427,
        0.36474304063943036,
        0.10888730678279937,
        0.09537175549092142,
        0.2170593548248113,
        0.08086401054313326
      ],
      [
        0.45517953304559483,
        0.1880647184372581,
        0.10786746259442387,
        0.09728168241172763,
        0.10960224651077939,
        0.042004357000216236
      ],
      [
        0.454333280369525,
        0.18610242561894874,
        0.10595367523275345,
        0.10159587586885693,
        0.1021758054151184,
        0.049838937494797404
      ],
      [
        0.42101103449159605,
        0.2512229496978893,
        0.09193811363616594,
        0.08734775855487958,
        0.08702999595587996,
        0.06145014766358914
      ],
      [
        0.22223297496574745,
        0.15513571714689475,
        0.0901671400176412,
        0.1014067024199903,
        0.38055590506078657,
        0.050501560388939735
      ],
      [
        0.23599000847781093,
        0.1342802260117192,
        0.08276809604906078,
        0.11923569476073505,
        0.3814084350977678,
        0.046317539602906174
      ],
      [
        0.4547661328909603,
        0.16244144416773618,
        0.10690598410238418,
        0.12332211190468702,
        0.10882951683079124,
        0.04373481010344086
      ],
      [
        0.4541762267103383,
        0.163555257964937,
        0.10670569076017741,
        0.11736291867635558,
        0.1078694998856414,
        0.05033040600255031
      ],
      [
        0.41432428084754724,
        0.24469723854557165,
        0.09544219828365694,
        0.09997542226245444,
        0.08530547996392564,
        0.06025538009684407
      ],
      [
        0.4554648288900979,
        0.17752580445705052,
        0.11383792994844502,
        0.11329080636905693,
        0.09593677210463984,
        0.04394385823070981
      ],
      [
        0.45523126401468156,
        0.17579302000150662,
        0.12043738693503285,
        0.11258562449154433,
        0.08844882804685222,
        0.047503876510382397
      ],
      [
        0.45636050512745524,
        0.18388501417013667,
        0.12558897870655222,
        0.10445991305840073,
        0.08899516538324842,
        0.04071042355420678
      ],
      [
        0.4565182300660017,
        0.18519909371738216,
        0.12790524179473595,
        0.09720459164071821,
        0.09308865659132759,
        0.040084186189834406
      ],
      [
        0.4566980456569971,
        0.1900626212499166,
        0.1271870205271393,
        0.09396954818187685,
        0.09017634309473856,
        0.04190642128933142
      ],
      [
        0.39003198264935207,
        0.29446471031808674,
        0.11518949693414328,
        0.07774496148655109,
        0.07303062288967781,
        0.04953822572218921
      ],
      [
        0.37987097660827995,
        0.2866396193374859,
        0.11625573084556035,
        0.08332451982736394,
        0.07829530505196206,
        0.05561384832934778
      ],
      [
        0.18083210457864274,
        0.18939410719918584,
        0.11152703157120583,
        0.09432356649009829,
        0.38088164163747823,
        0.043041548523389116
      ],
      [
        0.3894264010081447,
        0.288028721452707,
        0.11389229674598755,
        0.07939691602991147,
        0.07631348513907639,
        0.05294217962417293
      ],
      [
        0.41531393779831244,
        0.1790875680310738,
        0.12587647895921245,
        0.09523642303732013,
        0.13762035961491204,
        0.04686523255916916
      ],
      [
        0.4580886129664807,
        0.17872849866735063,
        0.1540507455644797,
        0.09425188510502676,
        0.08294863868905844,
        0.0319316190076038
      ],
      [
        0.4505889500330681,
        0.16055747287251593,
        0.1753029546562715,
        0.12046749141262109,
        0.06319221591068098,
        0.029890915114842445
      ]
    ],
    [
      [
        0.5150235415757334,
        0.15443704642029218,
        0.20969197664243452,
        0.09137769880281119,
        0.014752921557307511,
        0.014716815001421225
      ],
      [
        0.4712039532800288,
        0.16090767016132826,
        0.14316354214803328,
        0.07737307155283894,
        0.1168929517587468,
        0.030458811099023923
      ],
      [
        0.4787236104784613,
        0.19379211974232105,
        0.06897306927917604,
        0.09172257355518768,
        0.1195399314375513,
        0.047248695507302374
      ],
      [
        0.2698944164652797,
        0.17816372797686364,
        0.061725957860477104,
        0.08911777687843782,
        0.3518815425295662,
        0.04921657828937552
      ],
      [
        0.47506783936491764,
        0.19346858241822207,
        0.06975619505920176,
        0.09348767275918196,
        0.1203360448567732,
        0.04788366554170338
      ],
      [
        0.27107137239688284,
        0.17633537664051138,
        0.06069434501210301,
        0.08929339874445905,
        0.354198396835277,
        0.04840711037076667
      ],
      [
        0.47506783936491764,
        0.19346858241822207,
        0.06975619505920176,
        0.09348767275918196,
        0.1203360448567732,
        0.04788366554170338
      ],
      [
        0.2523814879535097,
        0.18680643768657595,
        0.07883842546566801,
        0.07438187804466984,
        0.36166165148097024,
        0.045930119368606324
      ],
      [
        0.48625292483742816,
        0.22218086840983342,
        0.09659960904356259,
        0.06270156541439582,
        0.08853882602971286,
        0.043726206265067284
      ],
      [
        0.4471082310986416,
        0.2465067868685766,
        0.11755614770192244,
        0.06643734211540162,
        0.08150068556753094,
        0.04089080664792666
      ],
      [
        0.23246620916649038,
        0.17235276228749477,
        0.10185851267896513,
        0.08931990793865183,
        0.354653045377284,
        0.0493495625511139
      ],
      [
        0.16711031561104028,
        0.29709678514694216,
        0.10571778502455889,
        0.07960042016976206,
        0.2985067077170071,
        0.05196798633068955
      ],
      [
        0.3757586697111172,
        0.2930705153434815,
        0.11158750460606151,
        0.07524304387103067,
        0.09150316386495726,
        0.05283710260335191
      ],
      [
        0.45655788113056034,
        0.20091154693154328,
        0.12148726576836023,
        0.09270025564751437,
        0.08836685310503618,
        0.039976197416985514
      ],
      [
        0.4135045883697825,
        0.17920466168052437,
        0.11488592835607903,
        0.09496107198289179,
        0.14204267222168646,
        0.055401077389035824
      ],
      [
        0.45554114107685434,
        0.1923075149185859,
        0.11853528571907847,
        0.09935591264073142,
        0.09155153561533792,
        0.04270861002941195
      ],
      [
        0.45502942285748527,
        0.18591881592329265,
        0.11724810611621908,
        0.10424009675573054,
        0.09451010237018773,
        0.04305345597708471
      ],
      [
        0.4547303936873462,
        0.18537205545307217,
        0.11395370973552658,
        0.10549221294500809,
        0.0949234603779476,
        0.04552816780109934
      ],
      [
        0.45504619123636175,
        0.19087604599613747,
        0.1110064423363788,
        0.1018450548913374,
        0.09558510618729069,
        0.04564115935249384
      ],
      [
        0.4552031035361169,
        0.18836925423500936,
        0.10823837179637551,
        0.09726103440953586,
        0.10898106917033921,
        0.04194716685262311
      ],
      [
        0.4552676360017854,
        0.18883139871253155,
        0.1025376333666801,
        0.10132873363636553,
        0.11063131977158736,
        0.04140327851104996
      ],
      [
        0.4207017938847642,
        0.2036515661680534,
        0.10026818703414234,
        0.10377880385844285,
        0.11589011003044998,
        0.05570953902414716
      ],
      [
        0.41936705555774917,
        0.2036155310970312,
        0.10108956256373149,
        0.10315088614136601,
        0.11670762702478132,
        0.05606933761534083
      ],
      [
        0.4538090105833825,
        0.16987527278694947,
        0.10254125276955485,
        0.11536627781555717,
        0.11254666428622667,
        0.04586152175832936
      ],
      [
        0.4541756280182251,
        0.17413406580603752,
        0.10491802680105142,
        0.11410891744914033,
        0.10874323125328246,
        0.043920130672262955
      ],
      [
        0.4548808526315675,
        0.1612941978440638,
        0.10404286212418798,
        0.12663409989299032,
        0.11049529916298895,
        0.04265268834420132
      ],
      [
        0.4548295294132336,
        0.162791640985411,
        0.10510972016160687,
        0.12579358550545294,
        0.10782696432274261,
        0.04364855961155297
      ],
      [
        0.454564496331936,
        0.16847955643237156,
        0.10970729804877934,
        0.11952459250118715,
        0.09861943500046842,
        0.04910462168525758
      ],
      [
        0.20449987910223452,
        0.1612822225434768,
        0.09830157587725814,
        0.11006568497900485,
        0.3806931164036241,
        0.045157521094401645
      ],
      [
        0.4556308335680864,
        0.17887800013232605,
        0.11505789206344895,
        0.11702567644918745,
        0.08890202562250021,
        0.04450557216445092
      ],
      [
        0.1552893051562116,
        0.2818132883548501,
        0.09947170223120823,
        0.09254403885480766,
        0.31992047490764564,
        0.05096119049527678
      ],
      [
        0.414873471948191,
        0.17746431421664072,
        0.11851667518049609,
        0.09883906988300158,
        0.14157833320407834,
        0.048728135567592305
      ],
      [
        0.4572743591923364,
        0.1968487994207597,
        0.12218578903355777,
        0.09635058605106649,
        0.08745326191943754,
        0.03988720438284217
      ],
      [
        0.17833181567160045,
        0.1918686223279619,
        0.11165003042038288,
        0.0944335292217267,
        0.3809112689380275,
        0.042804733420300535
      ],
      [
        0.4172476442005199,
        0.16915885750743825,
        0.09973553492225724,
        0.18802786946222247,
        0.07563465778792992,
        0.05019543611963221
      ],
      [
        0.3930578845658475,
        0.2966314677739077,
        0.10331684014744129,
        0.08076401446482089,
        0.07495663744696028,
        0.051273155601022455
      ],
      [
        0.4155088001353294,
        0.18390951016476514,
        0.11859674505328179,
        0.09709018906776895,
        0.13748146608891393,
        0.04741328948994082
      ],
      [
        0.3749645571403144,
        0.2928421068380541,
        0.11382251440591785,
        0.08854478013547065,
        0.0812015705034483,
        0.048624470976794655
      ],
      [
        0.41633729755458815,
        0.16979354348203446,
        0.14704176823773937,
        0.09834125053608873,
        0.13039943649077174,
        0.038086703698777404
      ],
      [
        0.4503155154935931,
        0.15339400726422095,
        0.17839221242730088,
        0.1223344071718632,
        0.06558315927092183,
        0.02998069837210006
      ]
    ],
    [
      [
        0.5150235415757334,
        0.15443704642029218,
        0.20969197664243452,
        0.09137769880281119,
        0.014752921557307511,
        0.014716815001421225
      ],
      [
        0.47490627631690424,
        0.15993310284384593,
        0.14204450951278255,
        0.07695701332724622,
        0.11616729073275893,
        0.02999180726646212
      ],
      [
        0.4787236104784613,
        0.19379211974232105,
        0.06897306927917604,
        0.09172257355518768,
        0.1195399314375513,
        0.047248695507302374
      ],
      [
        0.4332607140942383,
        0.21441503572430434,
        0.07581345366577226,
        0.09858649382507098,
        0.12181621962348034,
        0.056108083067133774
      ],
      [
        0.47506783936491764,
        0.19346858241822207,
        0.06975619505920176,
        0.09348767275918196,
        0.1203360448567732,
        0.04788366554170338
      ],
      [
        0.47506783936491764,
        0.19346858241822207,
        0.06975619505920176,
        0.09348767275918196,
        0.1203360448567732,
        0.04788366554170338
      ],
      [
        0.47670320115572984,
        0.20278010726473078,
        0.07487086591777592,
        0.08056530303013323,
        0.1173662911865274,
        0.047714231445102805
      ],
      [
        0.4924921733394637,
        0.1957856810685475,
        0.08144483833261609,
        0.07452089930302294,
        0.10905238730061158,
        0.046704020655738095
      ],
      [
        0.4955111500976998,
        0.21108666739512014,
        0.09090973653569179,
        0.06733691435424438,
        0.09068009242927454,
        0.04447543918796915
      ],
      [
        0.16166996528379843,
        0.33975048215044074,
        0.13517098203796504,
        0.08657320296143514,
        0.19535008787521185,
        0.08148527969114887
      ],
      [
        0.39822657426248614,
        0.2931256274910352,
        0.10484382174319944,
        0.07550440147262512,
        0.07620387741947854,
