{
  "prediction": [
    [
      [
        0.5150235415757334,
        0.15443704642029218,
        0.20969197664243452,
        0.09137769880281119,
        0.014752921557307511,
        0.014716815001421225
      ],
      [
        0.5150235415757334,
        0.15443704642029218,
        0.20969197664243452,
        0.09137769880281119,
        0.014752921557307511,
        0.014716815001421225
      ],
      [
        0.5150235415757334,
        0.15443704642029218,
        0.20969197664243452,
        0.09137769880281119,
        0.014752921557307511,
        0.014716815001421225
      ],
      [
        0.5150235415757334,
        0.15443704642029218,
        0.20969197664243452,
        0.09137769880281119,
        0.014752921557307511,
        0.014716815001421225
      ],
      [
        0.5150235415757334,
        0.15443704642029218,
        0.20969197664243452,
        0.09137769880281119,
        0.014752921557307511,
        0.014716815001421225
      ],
      [
        0.5150235415757334,
        0.15443704642029218,
        0.20969197664243452,
        0.09137769880281119,
        0.014752921557307511,
        0.014716815001421225
      ],
      [
        0.5150235415757334,
        0.15443704642029218,
        0.20969197664243452,
        0.09137769880281119,
        0.014752921557307511,
        0.014716815001421225
      ],
      [
        0.5150235415757334,
        0.15443704642029218,
        0.20969197664243452,
        0.09137769880281119,
        0.014752921557307511,
        0.014716815001421225
      ],
      [
        0.5150235415757334,
        0.15443704642029218,
        0.20969197664243452,
        0.09137769880281119,
        0.014752921557307511,
        0.014716815001421225
      ],
      [
        0.5150235415757334,
        0.15443704642029218,
        0.20969197664243452,
        0.09137769880281119,
        0.014752921557307511,
        0.014716815001421225
      ],
      [
        0.5150235415757334,
        0.15443704642029218,
        0.20969197664243452,
        0.09137769880281119,
        0.014752921557307511,
        0.014716815001421225
      ],
      [
        0.5150235415757334,
        0.15443704642029218,
        0.20969197664243452,
        0.09137769880281119,
        0.014752921557307511,
        0.014716815001421225
      ],
      [
        0.5153124540124716,
        0.17788028621353297,
        0.19370910598245242,
        0.08362838757204087,
        0.014752941546082544,
        0.014716824673419438
      ],
      [
        0.5150235415757334,
        0.15443704642029218,
        0.20969197664243452,
        0.09137769880281119,
        0.014752921557307511,
        0.014716815001421225
      ],
      [
        0.5150235415757334,
        0.15443704642029218,
        0.20969197664243452,
        0.09137769880281119,
        0.014752921557307511,
        0.014716815001421225
      ],
      [
        0.5150235415757334,
        0.15443704642029218,
        0.20969197664243452,
        0.09137769880281119,
        0.014752921557307511,
        0.014716815001421225
      ],
      [
        0.5150235415757334,
        0.15443704642029218,
        0.20969197664243452,
        0.09137769880281119,
        0.014752921557307511,
        0.014716815001421225
      ],
      [
        0.5150235415757334,
        0.15443704642029218,
        0.20969197664243452,
        0.09137769880281119,
        0.014752921557307511,
        0.014716815001421225
      ],
      [
        0.5150235415757334,
        0.15443704642029218,
        0.20969197664243452,
        0.09137769880281119,
        0.014752921557307511,
        0.014716815001421225
      ],
      [
        0.5150235415757334,
        0.15443704642029218,
        0.20969197664243452,
        0.09137769880281119,
        0.014752921557307511,
        0.014716815001421225
      ],
      [
        0.5150235415757334,
        0.15443704642029218,
        0.20969197664243452,
        0.09137769880281119,
        0.014752921557307511,
        0.014716815001421225
      ],
      [
        0.5150235415757334,
        0.15443704642029218,
        0.20969197664243452,
        0.09137769880281119,
        0.014752921557307511,
        0.014716815001421225
      ],
      [
        0.5150235415757334,
        0.15443704642029218,
        0.20969197664243452,
        0.09137769880281119,
        0.014752921557307511,
        0.014716815001421225
      ],
      [
        0.5150235415757334,
        0.15443704642029218,
        0.20969197664243452,
        0.09137769880281119,
        0.014752921557307511,
        0.014716815001421225
      ],
      [
        0.5150235415757334,
        0.15443704642029218,
        0.20969197664243452,
        0.09137769880281119,
        0.014752921557307511,
        0.014716815001421225
      ],
      [
        0.5150235415757334,
        0.15443704642029218,
        0.20969197664243452,
        0.09137769880281119,
        0.014752921557307511,
        0.014716815001421225
      ],
      [
        0.5150235415757334,
        0.15443704642029218,
        0.20969197664243452,
        0.09137769880281119,
        0.014752921557307511,
        0.014716815001421225
      ],
      [
        0.5150235415757334,
        0.15443704642029218,
        0.20969197664243452,
        0.09137769880281119,
        0.014752921557307511,
        0.014716815001421225
      ],
      [
        0.5150235415757334,
        0.15443704642029218,
        0.20969197664243452,
        0.09137769880281119,
        0.014752921557307511,
        0.014716815001421225
      ],
      [
        0.5150235415757334,
        0.15443704642029218,
        0.20969197664243452,
        0.09137769880281119,
        0.014752921557307511,
        0.014716815001421225
      ],
      [
        0.5150235415757334,
        0.15443704642029218,
        0.20969197664243452,
        0.09137769880281119,
        0.014752921557307511,
        0.014716815001421225
      ],
      [
        0.5150235415757334,
        0.15443704642029218,
        0.20969197664243452,
        0.09137769880281119,
        0.014752921557307511,
        0.014716815001421225
      ],
      [
        0.5150235415757334,
        0.15443704642029218,
        0.20969197664243452,
        0.09137769880281119,
        0.014752921557307511,
        0.014716815001421225
      ],
      [
        0.5150235415757334,
        0.15443704642029218,
        0.20969197664243452,
        0.09137769880281119,
        0.014752921557307511,
        0.014716815001421225
      ],
      [
        0.5150235415757334,
        0.15443704642029218,
        0.20969197664243452,
        0.09137769880281119,
        0.014752921557307511,
        0.014716815001421225
      ],
      [
        0.5150235415757334,
        0.15443704642029218,
        0.20969197664243452,
        0.09137769880281119,
        0.014752921557307511,
        0.014716815001421225
      ],
      [
        0.5150235415757334,
        0.15443704642029218,
        0.20969197664243452,
        0.09137769880281119,
        0.014752921557307511,
        0.014716815001421225
      ],
      [
        0.5150235415757334,
        0.15443704642029218,
        0.20969197664243452,
        0.09137769880281119,
        0.014752921557307511,
        0.014716815001421225
      ],
      [
        0.5150235415757334,
        0.15443704642029218,
        0.20969197664243452,
        0.09137769880281119,
        0.014752921557307511,
        0.014716815001421225
      ],
      [
        0.5150235415757334,
        0.15443704642029218,
        0.20969197664243452,
        0.09137769880281119,
        0.014752921557307511,
        0.014716815001421225
      ]
    ],
    [
      [
        0.5150235415757334,
        0.15443704642029218,
        0.20969197664243452,
        0.09137769880281119,
        0.014752921557307511,
        0.014716815001421225
      ],
      [
        0.26924040831191826,
        0.1450831756909467,
        0.1286601778102234,
        0.07287031749405151,
        0.3545551009701424,
        0.029590819722717716
      ],
      [
        0.4712039532800288,
        0.16090767016132826,
        0.14316354214803328,
        0.07737307155283894,
        0.1168929517587468,
        0.030458811099023923
      ],
      [
        0.26924040831191826,
        0.1450831756909467,
        0.1286601778102234,
        0.07287031749405151,
        0.3545551009701424,
        0.029590819722717716
      ],
      [
        0.4712039532800288,
        0.16090767016132826,
        0.14316354214803328,
        0.07737307155283894,
        0.1168929517587468,
        0.030458811099023923
      ],
      [
        0.4910434003586996,
        0.13685536518914482,
        0.1494206652521546,
        0.08241853554022005,
        0.11229429991253564,
        0.02796773374724526
      ],
      [
        0.4910434003586996,
        0.13685536518914482,
        0.1494206652521546,
        0.08241853554022005,
        0.11229429991253564,
        0.02796773374724526
      ],
      [
        0.4910434003586996,
        0.13685536518914482,
        0.1494206652521546,
        0.08241853554022005,
        0.11229429991253564,
        0.02796773374724526
      ],
      [
        0.26924040831191826,
        0.1450831756909467,
        0.1286601778102234,
        0.07287031749405151,
        0.3545551009701424,
        0.029590819722717716
      ],
      [
        0.26924040831191826,
        0.1450831756909467,
        0.1286601778102234,
        0.07287031749405151,
        0.3545551009701424,
        0.029590819722717716
      ],
      [
        0.25093405685013137,
        0.1732018746636934,
        0.12706996882002433,
        0.06580321706412333,
        0.35391966765421473,
        0.029071214947812805
      ],
      [
        0.49603902319317456,
        0.20252741167232272,
        0.12988183699332273,
        0.059200981570834324,
        0.08465512878687724,
        0.027695617783468456
      ],
      [
        0.4618013123284402,
        0.22487981459274697,
        0.1407722912454183,
        0.0668663596234478,
        0.07904849524696728,
        0.026631726962979538
      ],
      [
        0.44532510545168175,
        0.230273305921873,
        0.14249379940310966,
        0.07939625798767144,
        0.07638431393366366,
        0.026127217302000356
      ],
      [
        0.4553774215457005,
        0.20595229968442383,
        0.14731129020011233,
        0.08692089607964067,
        0.07800427880267238,
        0.026433813687450312
      ],
      [
        0.2115465774458778,
        0.19227807786913143,
        0.12414585883450902,
        0.08619488488055914,
        0.35908890788039366,
        0.026745693089528927
      ],
      [
        0.47015784336366706,
        0.1593498286806313,
        0.13901342541720843,
        0.0866490585498642,
        0.11449718828862801,
        0.030332655700000953
      ],
      [
        0.47320785512770885,
        0.17765851149276407,
        0.13593820496970813,
        0.07133568632786966,
        0.11157404980939425,
        0.030285692272555016
      ],
      [
        0.26924040831191826,
        0.1450831756909467,
        0.1286601778102234,
        0.07287031749405151,
        0.3545551009701424,
        0.029590819722717716
      ],
      [
        0.26924040831191826,
        0.1450831756909467,
        0.1286601778102234,
        0.07287031749405151,
        0.3545551009701424,
        0.029590819722717716
      ],
      [
        0.47409823907203236,
        0.18192877972717933,
        0.13573144536546863,
        0.06813506496913671,
        0.10987608066104006,
        0.03023039020514285
      ],
      [
        0.49640939527278627,
        0.1901163291609128,
        0.12977726973566367,
        0.06366336565938838,
        0.09183769065181208,
        0.028195949519436644
      ],
      [
        0.4967181340019302,
        0.18911362037630242,
        0.13040027617333916,
        0.06072833135290836,
        0.09564798808151592,
        0.027391650014003906
      ],
      [
        0.5150235415757334,
        0.15443704642029218,
        0.20969197664243452,
        0.09137769880281119,
        0.014752921557307511,
        0.014716815001421225
      ],
      [
        0.5150235415757334,
        0.15443704642029218,
        0.20969197664243452,
        0.09137769880281119,
        0.014752921557307511,
        0.014716815001421225
      ],
      [
        0.5150235415757334,
        0.15443704642029218,
        0.20969197664243452,
        0.09137769880281119,
        0.014752921557307511,
        0.014716815001421225
      ],
      [
        0.5150235415757334,
        0.15443704642029218,
        0.20969197664243452,
        0.09137769880281119,
        0.014752921557307511,
        0.014716815001421225
      ],
      [
        0.5150235415757334,
        0.15443704642029218,
        0.20969197664243452,
        0.09137769880281119,
        0.014752921557307511,
        0.014716815001421225
      ],
      [
        0.5150235415757334,
        0.15443704642029218,
        0.20969197664243452,
        0.09137769880281119,
        0.014752921557307511,
        0.014716815001421225
      ],
      [
        0.4712039532800288,
        0.16090767016132826,
        0.14316354214803328,
        0.07737307155283894,
        0.1168929517587468,
        0.030458811099023923
      ],
      [
        0.22601800985222148,
        0.170439332316578,
        0.15827526876536782,
        0.09565867410485751,
        0.31099514526730376,
        0.03861356969367147
      ],
      [
        0.26924040831191826,
        0.1450831756909467,
        0.1286601778102234,
        0.07287031749405151,
        0.3545551009701424,
        0.029590819722717716
      ],
      [
        0.4712039532800288,
        0.16090767016132826,
        0.14316354214803328,
        0.07737307155283894,
        0.1168929517587468,
        0.030458811099023923
      ],
      [
        0.4712039532800288,
        0.16090767016132826,
        0.14316354214803328,
        0.07737307155283894,
        0.1168929517587468,
        0.030458811099023923
      ],
      [
        0.4910434003586996,
        0.13685536518914482,
        0.1494206652521546,
        0.08241853554022005,
        0.11229429991253564,
        0.02796773374724526
      ],
      [
        0.4712039532800288,
        0.16090767016132826,
        0.14316354214803328,
        0.07737307155283894,
        0.1168929517587468,
        0.030458811099023923
      ],
      [
        0.4712039532800288,
        0.16090767016132826,
        0.14316354214803328,
        0.07737307155283894,
        0.1168929517587468,
        0.030458811099023923
      ],
      [
        0.4712039532800288,
        0.16090767016132826,
        0.14316354214803328,
        0.07737307155283894,
        0.1168929517587468,
        0.030458811099023923
      ],
      [
        0.4712039532800288,
        0.16090767016132826,
        0.14316354214803328,
        0.07737307155283894,
        0.1168929517587468,
        0.030458811099023923
      ],
      [
        0.5150235415757334,
        0.15443704642029218,
        0.20969197664243452,
        0.09137769880281119,
        0.014752921557307511,
        0.014716815001421225
      ]
    ],
    [
      [
        0.5150235415757334,
        0.15443704642029218,
        0.20969197664243452,
        0.09137769880281119,
        0.014752921557307511,
        0.014716815001421225
      ],
      [
        0.4712039532800288,
        0.16090767016132826,
        0.14316354214803328,
        0.07737307155283894,
        0.1168929517587468,
        0.030458811099023923
      ],
      [
        0.4332607140942383,
        0.21441503572430434,
        0.07581345366577226,
        0.09858649382507098,
        0.12181621962348034,
        0.056108083067133774
      ],
      [
        0.2698944164652797,
        0.17816372797686364,
        0.061725957860477104,
        0.08911777687843782,
        0.3518815425295662,
        0.04921657828937552
      ],
      [
        0.4787236104784613,
        0.19379211974232105,
        0.06897306927917604,
        0.09172257355518768,
        0.1195399314375513,
        0.047248695507302374
      ],
      [
        0.4787236104784613,
        0.19379211974232105,
        0.06897306927917604,
        0.09172257355518768,
        0.1195399314375513,
        0.047248695507302374
      ],
      [
        0.27458070799719747,
        0.15579609050266824,
        0.06598076540327187,
        0.09607462078457595,
        0.36277173005277835,
        0.04479608525950807
      ],
      [
        0.4787236104784613,
        0.19379211974232105,
        0.06897306927917604,
        0.09172257355518768,
        0.1195399314375513,
        0.047248695507302374
      ],
      [
        0.4444510459002542,
        0.16517258582628624,
        0.09565006523398331,
        0.13916009020463962,
        0.11379583693327099,
        0.04177037590156539
      ],
      [
        0.24983291998122267,
        0.14870062371646298,
        0.0782658180933698,
        0.09558179185397059,
        0.3830718422214763,
        0.04454700413349771
      ],
      [
        0.2312338448713016,
        0.1691455654233625,
        0.08374580325417844,
        0.08611580973359276,
        0.3822180037977948,
        0.047540972919769886
      ],
      [
        0.4548073722323568,
        0.1747700824690813,
        0.09791888508243392,
        0.12742664590509364,
        0.10412478802531823,
        0.04095222628571609
      ],
      [
        0.23455765598002806,
        0.22538343821581275,
        0.11403720904082817,
        0.10934780454710649,
        0.23188098567304363,
        0.08479290654318093
      ],
      [
        0.4554904379484445,
        0.18203652088331024,
        0.10690032649833779,
        0.12866677773976282,
        0.08681430323061315,
        0.040091633699531455
      ],
      [
        0.4555349139425896,
        0.19543774422690413,
        0.11652870641435203,
        0.10032306829718449,
        0.08506120843168016,
        0.04711435868728957
      ],
      [
        0.23782165565377464,
        0.16617448169767846,
        0.10034443914802678,
        0.10049657055668823,
        0.3386040957138323,
        0.0565587572299997
      ],
      [
        0.4134054895220764,
        0.16261818302407213,
        0.09756957142899934,
        0.10035789134983318,
        0.1671592980482206,
        0.05888956662679827
      ],
      [
        0.2570854545494401,
        0.1367365461710606,
        0.0818608492632719,
        0.11370255606187907,
        0.3557406834991611,
        0.054873910455187164
      ],
      [
        0.251250790043121,
        0.144476460769068,
        0.07630915770740337,
        0.10025658819976445,
        0.3830766821506995,
        0.04463032112994368
      ],
      [
        0.44498910883518306,
        0.1825626977116857,
        0.1026541894524915,
        0.11826216885169116,
        0.11001971612880396,
        0.04151211902014467
      ],
      [
        0.23670392198915322,
        0.16128776819151897,
        0.07926998412859666,
        0.0888640437537497,
        0.3820784852992992,
        0.05179579663768226
      ],
      [
        0.45557456806046337,
        0.19242604741307304,
        0.10080809410606273,
        0.0945903518272548,
        0.11417650819509163,
        0.04242443039805431
      ],
      [
        0.45485799550296047,
        0.1761041329633773,
        0.09415004722665504,
        0.12593794727771704,
        0.10767229539793591,
        0.04127758163135423
      ],
      [
        0.4967181340019302,
        0.18911362037630242,
        0.13040027617333916,
        0.06072833135290836,
        0.09564798808151592,
        0.027391650014003906
      ],
      [
        0.4956125637666981,
        0.1830458657271947,
        0.1356993347625157,
        0.06566948920942951,
        0.09179765118672532,
        0.02817509534743661
      ],
      [
        0.5150235415757334,
        0.15443704642029218,
        0.20969197664243452,
        0.09137769880281119,
        0.014752921557307511,
        0.014716815001421225
      ],
      [
        0.26924040831191826,
        0.1450831756909467,
        0.1286601778102234,
        0.07287031749405151,
        0.3545551009701424,
        0.029590819722717716
      ],
      [
        0.26924040831191826,
        0.1450831756909467,
        0.1286601778102234,
        0.07287031749405151,
        0.3545551009701424,
        0.029590819722717716
      ],
      [
        0.4163173461052039,
        0.17053066603133762,
        0.16928535462664876,
        0.09171175529197866,
        0.11423033733987978,
        0.03792454060495133
      ],
      [
        0.4332607140942383,
        0.21441503572430434,
        0.07581345366577226,
        0.09858649382507098,
        0.12181621962348034,
        0.056108083067133774
      ],
      [
        0.4332607140942383,
        0.21441503572430434,
        0.07581345366577226,
        0.09858649382507098,
        0.12181621962348034,
        0.056108083067133774
      ],
      [
        0.4332607140942383,
        0.21441503572430434,
        0.07581345366577226,
        0.09858649382507098,
        0.12181621962348034,
        0.056108083067133774
      ],
      [
        0.4787236104784613,
        0.19379211974232105,
        0.06897306927917604,
        0.09172257355518768,
        0.1195399314375513,
        0.047248695507302374
      ],
      [
        0.2698944164652797,
        0.17816372797686364,
        0.061725957860477104,
        0.08911777687843782,
        0.3518815425295662,
        0.04921657828937552
      ],
      [
        0.4787236104784613,
        0.19379211974232105,
        0.06897306927917604,
        0.09172257355518768,
        0.1195399314375513,
        0.047248695507302374
      ],
      [
        0.4787236104784613,
        0.19379211974232105,
        0.06897306927917604,
        0.09172257355518768,
        0.1195399314375513,
        0.047248695507302374
      ],
      [
        0.2698944164652797,
        0.17816372797686364,
        0.061725957860477104,
        0.08911777687843782,
        0.3518815425295662,
        0.04921657828937552
      ],
      [
        0.2450768486879183,
        0.20318879070173348,
        0.06921533717469801,
        0.09870953025413358,
        0.32704633773600694,
        0.0567631554455097
      ],
      [
        0.4712039532800288,
        0.16090767016132826,
        0.14316354214803328,
        0.07737307155283894,
        0.1168929517587468,
        0.030458811099023923
      ],
      [
        0.5150235415757334,
        0.15443704642029218,
        0.20969197664243452,
        0.09137769880281119,
        0.014752921557307511,
        0.014716815001421225
      ]
    ],
    [
      [
        0.5150235415757334,
        0.15443704642029218,
        0.20969197664243452,
        0.09137769880281119,
        0.014752921557307511,
        0.014716815001421225
      ],
      [
        0.4163173461052039,
        0.17053066603133762,
        0.16928535462664876,
        0.09171175529197866,
        0.11423033733987978,
        0.03792454060495133
      ],
      [
        0.4332607140942383,
        0.21441503572430434,
        0.07581345366577226,
        0.09858649382507098,
        0.12181621962348034,
        0.056108083067133774
      ],
      [
        0.4332607140942383,
        0.21441503572430434,
        0.07581345366577226,
        0.09858649382507098,
        0.12181621962348034,
        0.056108083067133774
      ],
      [
        0.4787236104784613,
        0.19379211974232105,
        0.06897306927917604,
        0.09172257355518768,
        0.1195399314375513,
        0.047248695507302374
      ],
      [
        0.4787236104784613,
        0.19379211974232105,
        0.06897306927917604,
        0.09172257355518768,
        0.1195399314375513,
        0.047248695507302374
      ],
      [
        0.2698944164652797,
        0.17816372797686364,
        0.061725957860477104,
        0.08911777687843782,
        0.3518815425295662,
        0.04921657828937552
      ],
      [
        0.4890676568893573,
        0.17063516605118417,
        0.07725998583098621,
        0.10224860169994651,
        0.11624884781988314,
        0.044539741708642805
      ],
      [
        0.4450542628986862,
        0.18382028111535237,
        0.10331467115419062,
        0.1165763146062042,
        0.10974118615140702,
        0.041493284074159385
      ],
      [
        0.24010029688142606,
        0.16143141112771373,
        0.08325980182113023,
        0.08503244934007821,
        0.3825758617845377,
        0.04760017904511409
      ],
      [
        0.21922620575659924,
        0.155410180282786,
        0.08457365600479178,
        0.11710822328713283,
        0.38112996884875033,
        0.042551765819939816
      ],
      [
        0.21983605308780968,
        0.1749687584272751,
        0.09430066445084338,
        0.08810603779942251,
        0.38201823509523714,
        0.04077025113941197
      ],
      [
        0.15978861071441905,
        0.3130743983811116,
        0.09801388891494194,
        0.08222964838471292,
        0.299869481742822,
        0.047023971861992454
      ],
      [
        0.4558656422202023,
        0.1847824803418476,
        0.11088909757786101,
        0.12793200330429355,
        0.08118079853351735,
        0.03934997802227814
      ],
      [
        0.37864860424541885,
        0.28796711233956396,
        0.11385214409089207,
        0.08545301451750002,
        0.0783703228882753,
        0.05570880191834977
      ],
      [
        0.19843805851020868,
        0.24584471291608903,
        0.1322121844640096,
        0.12333923364747941,
        0.2171438438762596,
        0.08302196658595365
      ],
      [
        0.4549268808947585,
        0.17384404981462445,
        0.10752063540073878,
        0.1309811001487391,
        0.09203766718354237,
        0.040689666557596815
      ],
      [
        0.454629594211148,
        0.17144552161852272,
        0.1004389922080254,
        0.1308750720471356,
        0.10098562745480806,
        0.04162519246036019
      ],
      [
        0.2541774514167502,
        0.14908146738867298,
        0.08594295255668324,
        0.09587949804102663,
        0.35539150805051223,
        0.05952712254635462
      ],
      [
        0.45460924215218806,
        0.1725448155260678,
        0.0923967534546418,
        0.12518316091048573,
        0.11307476512000446,
        0.04219126283661223
      ],
      [
        0.26350283187086443,
        0.15369853497334768,
        0.08545413161307068,
        0.08898156348437655,
        0.3579175637930374,
        0.05044537426530338
      ],
      [
        0.21899007966981798,
        0.23153179679804134,
        0.11014654224327645,
        0.10931414165510958,
        0.23956110949679932,
        0.09045633013695538
      ],
      [
        0.16743023333225424,
        0.275428811372002,
        0.08470970894872284,
        0.07793459937629568,
        0.3384427306667151,
        0.05605391630401027
      ],
      [
        0.49653899021289355,
        0.21434123217456477,
        0.09202966063001566,
        0.06147372777944013,
        0.09104549982648966,
        0.044570889376596305
      ],
      [
        0.49438075997744213,
        0.20500030747260403,
        0.09270314753818763,
        0.06577681856253983,
        0.09683776931111988,
        0.04530119713810657
      ],
      [
        0.2291752961247871,
        0.18554168006553012,
        0.12712135230191543,
        0.06965115023205219,
        0.36111588294575575,
        0.027394638329959295
      ],
      [
        0.4812531551874369,
        0.20677510703251134,
        0.07561703371416331,
        0.07341323774081397,
        0.11587655027594607,
        0.047064916049128436
      ],
      [
        0.2450768486879183,
        0.20318879070173348,
        0.06921533717469801,
        0.09870953025413358,
        0.32704633773600694,
        0.0567631554455097
      ],
      [
        0.4332607140942383,
        0.21441503572430434,
        0.07581345366577226,
        0.09858649382507098,
        0.12181621962348034,
        0.056108083067133774
      ],
      [
        0.4332607140942383,
        0.21441503572430434,
        0.07581345366577226,
        0.09858649382507098,
        0.12181621962348034,
        0.056108083067133774
      ],
      [
        0.19463086997736453,
        0.19997712062784384,
        0.15227369133161953,
        0.08934673303685016,
        0.28612201283272015,
        0.07764957219360161
      ],
      [
        0.4332607140942383,
        0.21441503572430434,
        0.07581345366577226,
        0.09858649382507098,
        0.12181621962348034,
        0.056108083067133774
      ],
      [
        0.4332607140942383,
        0.21441503572430434,
        0.07581345366577226,
        0.09858649382507098,
        0.12181621962348034,
        0.056108083067133774
      ],
      [
        0.4787236104784613,
        0.19379211974232105,
        0.06897306927917604,
        0.09172257355518768,
        0.1195399314375513,
        0.047248695507302374
      ],
      [
        0.4787236104784613,
        0.19379211974232105,
        0.06897306927917604,
        0.09172257355518768,
        0.1195399314375513,
        0.047248695507302374
      ],
      [
        0.2698944164652797,
        0.17816372797686364,
        0.061725957860477104,
        0.08911777687843782,
        0.3518815425295662,
        0.04921657828937552
      ],
      [
        0.4332607140942383,
        0.21441503572430434,
        0.07581345366577226,
        0.09858649382507098,
        0.12181621962348034,
        0.056108083067133774
      ],
      [
        0.4332607140942383,
        0.21441503572430434,
        0.07581345366577226,
        0.09858649382507098,
        0.12181621962348034,
        0.056108083067133774
      ],
      [
        0.22601800985222148,
        0.170439332316578,
        0.15827526876536782,
        0.09565867410485751,
        0.31099514526730376,
        0.03861356969367147
      ],
      [
        0.5150235415757334,
        0.15443704642029218,
        0.20969197664243452,
        0.09137769880281119,
        0.014752921557307511,
        0.014716815001421225
      ]
    ],
    [
      [
        0.5153124540124716,
        0.17788028621353297,
        0.19370910598245242,
        0.08362838757204087,
        0.014752941546082544,
        0.014716824673419438
      ],
      [
        0.22601800985222148,
        0.170439332316578,
        0.15827526876536782,
        0.09565867410485751,
        0.31099514526730376,
        0.03861356969367147
      ],
      [
        0.21626549153647195,
        0.2568840202583647,
        0.08240123234441928,
        0.11766711657400859,
        0.2221805552009044,
        0.10460158408583108
      ],
      [
        0.4332607140942383,
        0.21441503572430434,
        0.07581345366577226,
        0.09858649382507098,
        0.12181621962348034,
        0.056108083067133774
      ],
      [
        0.43995494734870905,
        0.20502895396093623,
        0.07152105501125883,
        0.09490815698103974,
        0.13288464193986096,
        0.05570224475819526
      ],
      [
        0.47506783936491764,
        0.19346858241822207,
        0.06975619505920176,
        0.09348767275918196,
        0.1203360448567732,
        0.04788366554170338
      ],
      [
        0.47506783936491764,
        0.19346858241822207,
        0.06975619505920176,
        0.09348767275918196,
        0.1203360448567732,
        0.04788366554170338
      ],
      [
        0.47506783936491764,
        0.19346858241822207,
        0.06975619505920176,
        0.09348767275918196,
        0.1203360448567732,
        0.04788366554170338
      ],
      [
        0.43906885452262157,
        0.18383922682213685,
        0.10483012241814796,
        0.11958867332394714,
        0.10956649464036873,
        0.04310662827277766
      ],
      [
        0.24976752196114757,
        0.15636222362674024,
        0.08111317772640649,
        0.08320069068994873,
        0.3832970028234142,
        0.046259383172342794
      ],
      [
        0.22358380495919217,
        0.1769772135475218,
        0.08964057301738769,
        0.0839687546280957,
        0.38226180427448603,
        0.04356784957331659
      ],
      [
        0.4555301334068485,
        0.18400380038276176,
        0.10676676039022752,
        0.12362022901885043,
        0.09086935824837404,
        0.03920971855293757
      ],
      [
        0.20078328419415256,
        0.3252318160627588,
        0.10198469906396763,
        0.08113513426891397,
        0.24288838198553733,
        0.04797668442466963
      ],
      [
        0.18897656272362162,
        0.19177743888214982,
        0.1069334244499443,
        0.09196701977432915,
        0.3810501596857795,
        0.039295394484175565
      ],
      [
        0.21587337373004284,
        0.3000544655744794,
        0.11081029669957504,
        0.08770257814755057,
        0.23210163609686177,
        0.053457649751490345
      ],
      [
        0.18485106594258588,
        0.17388930350155776,
        0.10088282741688467,
        0.11943612132945713,
        0.3798322347915011,
        0.04110844701801347
      ],
      [
        0.45500871849866636,
        0.1782422646973255,
        0.10866336123306175,
        0.12566589296134986,
        0.09104651478740512,
        0.04137324782219131
      ],
      [
        0.45499492076976966,
        0.1766271532049588,
        0.1074733118727715,
        0.12747210073375548,
        0.09275597287674457,
        0.040676540541999956
      ],
      [
        0.23043255838217638,
        0.17023981464241233,
        0.08867109340778714,
        0.08595581073663558,
        0.382519318266224,
        0.042181404564764435
      ],
      [
        0.4545811553692883,
        0.1697368719691226,
        0.09618600986577962,
        0.12718112394910663,
        0.11149523442648095,
        0.04081960442022184
      ],
      [
        0.4553572175476087,
        0.18836409232545115,
        0.10791760782070892,
        0.10085531026015888,
        0.10648835175792708,
        0.04101742028814502
      ],
      [
        0.45469394968625376,
        0.17352065576828257,
        0.09929211460335188,
        0.12484572120613935,
        0.10682756544902061,
        0.04081999328695193
      ],
      [
        0.41526412105806176,
        0.178167884142999,
        0.10295212421632287,
        0.0930743751275173,
        0.16042993158070387,
        0.05011156387439517
      ],
      [
        0.2263287597520646,
        0.21125429441555513,
        0.08848835295482031,
        0.06918581991325475,
        0.36088623144213244,
        0.04385654152217265
      ],
      [
        0.492668709865611,
        0.19679218752769254,
        0.08927416104413047,
        0.07043868654834907,
        0.10462304087652817,
        0.04620321413768865
      ],
      [
        0.26200881989238894,
        0.19394348852231943,
        0.06890869163540607,
        0.07420768730548945,
        0.35221540342317925,
        0.048715909221216776
      ],
      [
        0.4332607140942383,
        0.21441503572430434,
        0.07581345366577226,
        0.09858649382507098,
        0.12181621962348034,
        0.056108083067133774
      ],
      [
        0.4332607140942383,
        0.21441503572430434,
        0.07581345366577226,
        0.09858649382507098,
        0.12181621962348034,
        0.056108083067133774
      ],
      [
        0.21626549153647195,
        0.2568840202583647,
        0.08240123234441928,
        0.11766711657400859,
        0.2221805552009044,
        0.10460158408583108
      ],
      [
        0.4163173461052039,
        0.17053066603133762,
        0.16928535462664876,
        0.09171175529197866,
        0.11423033733987978,
        0.03792454060495133
      ],
      [
        0.4981384633997534,
        0.21225456707946688,
        0.09589558828416113,
        0.10364317493018803,
        0.05079508482593898,
        0.039273121480491564
      ],
      [
        0.22601800985222148,
        0.170439332316578,
        0.15827526876536782,
        0.09565867410485751,
        0.31099514526730376,
        0.03861356969367147
      ],
      [
        0.4712039532800288,
        0.16090767016132826,
        0.14316354214803328,
        0.07737307155283894,
        0.1168929517587468,
        0.030458811099023923
      ],
      [
        0.2698944164652797,
        0.17816372797686364,
        0.061725957860477104,
        0.08911777687843782,
        0.3518815425295662,
        0.04921657828937552
      ],
      [
        0.4787236104784613,
        0.19379211974232105,
        0.06897306927917604,
        0.09172257355518768,
        0.1195399314375513,
        0.047248695507302374
      ],
      [
        0.431632790699612,
        0.21035309269790908,
        0.07504199791733433,
        0.09854056809011057,
        0.1276014010186611,
        0.056830149576372856
      ],
      [
        0.4332607140942383,
        0.21441503572430434,
        0.07581345366577226,
        0.09858649382507098,
        0.12181621962348034,
        0.056108083067133774
      ],
      [
        0.21626549153647195,
        0.2568840202583647,
        0.08240123234441928,
        0.11766711657400859,
        0.2221805552009044,
        0.10460158408583108
      ],
      [
        0.4163173461052039,
        0.17053066603133762,
        0.16928535462664876,
        0.09171175529197866,
        0.11423033733987978,
        0.03792454060495133
      ],
      [
        0.5153124540124716,
        0.17788028621353297,
        0.19370910598245242,
        0.08362838757204087,
        0.014752941546082544,
        0.014716824673419438
      ]
    ],
    [
      [
        0.5150235415757334,
        0.15443704642029218,
        0.20969197664243452,
        0.09137769880281119,
        0.014752921557307511,
        0.014716815001421225
      ],
      [
        0.4163173461052039,
        0.17053066603133762,
        0.16928535462664876,
        0.09171175529197866,
        0.11423033733987978,
        0.03792454060495133
      ],
      [
        0.4332607140942383,
        0.21441503572430434,
        0.07581345366577226,
        0.09858649382507098,
        0.12181621962348034,
        0.056108083067133774
      ],
      [
        0.4332607140942383,
        0.21441503572430434,
        0.07581345366577226,
        0.09858649382507098,
        0.12181621962348034,
        0.056108083067133774
      ],
      [
        0.47506783936491764,
        0.19346858241822207,
        0.06975619505920176,
        0.09348767275918196,
        0.1203360448567732,
        0.04788366554170338
      ],
      [
        0.47506783936491764,
        0.19346858241822207,
        0.06975619505920176,
        0.09348767275918196,
        0.1203360448567732,
        0.04788366554170338
      ],
      [
        0.27107137239688284,
        0.17633537664051138,
        0.06069434501210301,
        0.08929339874445905,
        0.354198396835277,
        0.04840711037076667
      ],
      [
        0.47506783936491764,
        0.19346858241822207,
        0.06975619505920176,
        0.09348767275918196,
        0.1203360448567732,
        0.04788366554170338
      ],
      [
        0.43849707224386303,
        0.16662547646061127,
        0.09739445625575338,
        0.1408130421380948,
        0.113294752912628,
        0.043375199989049575
      ],
      [
        0.4553910715430841,
        0.19155227051768559,
        0.09460555216111408,
        0.10042294795374673,
        0.11424532907303234,
        0.04378282875133694
      ],
      [
        0.4564277078534888,
        0.20325217908583668,
        0.10771944075698305,
