{
  "prediction": [
    [
      [
        0.5150235415757334,
        0.15443704642029218,
        0.20969197664243452,
        0.09137769880281119,
        0.014752921557307511,
        0.014716815001421225
      ],
      [
        0.5150235415757334,
        0.15443704642029218,
        0.20969197664243452,
        0.09137769880281119,
        0.014752921557307511,
        0.014716815001421225
      ],
      [
        0.5150235415757334,
        0.15443704642029218,
        0.20969197664243452,
        0.09137769880281119,
        0.014752921557307511,
        0.014716815001421225
      ],
      [
        0.5150235415757334,
        0.15443704642029218,
        0.20969197664243452,
        0.09137769880281119,
        0.014752921557307511,
        0.014716815001421225
      ],
      [
        0.5150235415757334,
        0.15443704642029218,
        0.20969197664243452,
        0.09137769880281119,
        0.014752921557307511,
        0.014716815001421225
      ],
      [
        0.5150235415757334,
        0.15443704642029218,
        0.20969197664243452,
        0.09137769880281119,
        0.014752921557307511,
        0.014716815001421225
      ],
      [
        0.5150235415757334,
        0.15443704642029218,
        0.20969197664243452,
        0.09137769880281119,
        0.014752921557307511,
        0.014716815001421225
      ],
      [
        0.5150235415757334,
        0.15443704642029218,
        0.20969197664243452,
        0.09137769880281119,
        0.014752921557307511,
        0.014716815001421225
      ],
      [
        0.5150235415757334,
        0.15443704642029218,
        0.20969197664243452,
        0.09137769880281119,
        0.014752921557307511,
        0.014716815001421225
      ],
      [
        0.5150235415757334,
        0.15443704642029218,
        0.20969197664243452,
        0.09137769880281119,
        0.014752921557307511,
        0.014716815001421225
      ],
      [
        0.5150235415757334,
        0.15443704642029218,
        0.20969197664243452,
        0.09137769880281119,
        0.014752921557307511,
        0.014716815001421225
      ],
      [
        0.5150235415757334,
        0.15443704642029218,
        0.20969197664243452,
        0.09137769880281119,
        0.014752921557307511,
        0.014716815001421225
      ],
      [
        0.5150235415757334,
        0.15443704642029218,
        0.20969197664243452,
        0.09137769880281119,
        0.014752921557307511,
        0.014716815001421225
      ],
      [
        0.5152899145347938,
        0.17701018977845173,
        0.1943322033947144,
        0.08390935950878385,
        0.014741937560324454,
        0.014716395222931705
      ],
      [
        0.5150235415757334,
        0.15443704642029218,
        0.20969197664243452,
        0.09137769880281119,
        0.014752921557307511,
        0.014716815001421225
      ],
      [
        0.5150235415757334,
        0.15443704642029218,
        0.20969197664243452,
        0.09137769880281119,
        0.014752921557307511,
        0.014716815001421225
      ],
      [
        0.5150235415757334,
        0.15443704642029218,
        0.20969197664243452,
        0.09137769880281119,
        0.014752921557307511,
        0.014716815001421225
      ],
      [
        0.5150235415757334,
        0.15443704642029218,
        0.20969197664243452,
        0.09137769880281119,
        0.014752921557307511,
        0.014716815001421225
      ],
      [
        0.5150235415757334,
        0.15443704642029218,
        0.20969197664243452,
        0.09137769880281119,
        0.014752921557307511,
        0.014716815001421225
      ],
      [
        0.5150235415757334,
        0.15443704642029218,
        0.20969197664243452,
        0.09137769880281119,
        0.014752921557307511,
        0.014716815001421225
      ],
      [
        0.5150235415757334,
        0.15443704642029218,
        0.20969197664243452,
        0.09137769880281119,
        0.014752921557307511,
        0.014716815001421225
      ],
      [
        0.5150235415757334,
        0.15443704642029218,
        0.20969197664243452,
        0.09137769880281119,
        0.014752921557307511,
        0.014716815001421225
      ],
      [
        0.5150235415757334,
        0.15443704642029218,
        0.20969197664243452,
        0.09137769880281119,
        0.014752921557307511,
        0.014716815001421225
      ],
      [
        0.5150235415757334,
        0.15443704642029218,
        0.20969197664243452,
        0.09137769880281119,
        0.014752921557307511,
        0.014716815001421225
      ],
      [
        0.5150235415757334,
        0.15443704642029218,
        0.20969197664243452,
        0.09137769880281119,
        0.014752921557307511,
        0.014716815001421225
      ],
      [
        0.45143536624527686,
        0.1451215753900688,
        0.18177745707501555,
        0.12432489673802258,
        0.06761529343100471,
        0.029725411120611507
      ],
      [
        0.45919078575300765,
        0.1415114063386373,
        0.17828787872803276,
        0.12073935822080277,
        0.06863446671762698,
        0.03163610424189245
      ],
      [
        0.45919078575300765,
        0.1415114063386373,
        0.17828787872803276,
        0.12073935822080277,
        0.06863446671762698,
        0.03163610424189245
      ],
      [
        0.45919078575300765,
        0.1415114063386373,
        0.17828787872803276,
        0.12073935822080277,
        0.06863446671762698,
        0.03163610424189245
      ],
      [
        0.45919078575300765,
        0.1415114063386373,
        0.17828787872803276,
        0.12073935822080277,
        0.06863446671762698,
        0.03163610424189245
      ],
      [
        0.45919078575300765,
        0.1415114063386373,
        0.17828787872803276,
        0.12073935822080277,
        0.06863446671762698,
        0.03163610424189245
      ],
      [
        0.4588450045528976,
        0.14047585585536734,
        0.17695200909481112,
        0.11987062516028342,
        0.07126112726257394,
        0.03259537807406659
      ],
      [
        0.45919078575300765,
        0.1415114063386373,
        0.17828787872803276,
        0.12073935822080277,
        0.06863446671762698,
        0.03163610424189245
      ],
      [
        0.4588450045528976,
        0.14047585585536734,
        0.17695200909481112,
        0.11987062516028342,
        0.07126112726257394,
        0.03259537807406659
      ],
      [
        0.45143536624527686,
        0.1451215753900688,
        0.18177745707501555,
        0.12432489673802258,
        0.06761529343100471,
        0.029725411120611507
      ],
      [
        0.4597516981360373,
        0.1430954047669481,
        0.1803312512469365,
        0.1220681505976275,
        0.06457011203300765,
        0.030183383219442937
      ],
      [
        0.4597516981360373,
        0.1430954047669481,
        0.1803312512469365,
        0.1220681505976275,
        0.06457011203300765,
        0.030183383219442937
      ],
      [
        0.4597516981360373,
        0.1430954047669481,
        0.1803312512469365,
        0.1220681505976275,
        0.06457011203300765,
        0.030183383219442937
      ],
      [
        0.4597516981360373,
        0.1430954047669481,
        0.1803312512469365,
        0.1220681505976275,
        0.06457011203300765,
        0.030183383219442937
      ],
      [
        0.4562089128019791,
        0.13143586395710696,
        0.1652903365288123,
        0.11224986219434656,
        0.09081533922083965,
        0.04399968529691541
      ]
    ],
    [
      [
        0.5150235415757334,
        0.15443704642029218,
        0.20969197664243452,
        0.09137769880281119,
        0.014752921557307511,
        0.014716815001421225
      ],
      [
        0.4910434003586996,
        0.13685536518914482,
        0.1494206652521546,
        0.08241853554022005,
        0.11229429991253564,
        0.02796773374724526
      ],
      [
        0.490622392270285,
        0.13556933511630004,
        0.14787702790131846,
        0.0816679251572292,
        0.11500730599699668,
        0.029256013557870497
      ],
      [
        0.4910434003586996,
        0.13685536518914482,
        0.1494206652521546,
        0.08241853554022005,
        0.11229429991253564,
        0.02796773374724526
      ],
      [
        0.4910434003586996,
        0.13685536518914482,
        0.1494206652521546,
        0.08241853554022005,
        0.11229429991253564,
        0.02796773374724526
      ],
      [
        0.4910434003586996,
        0.13685536518914482,
        0.1494206652521546,
        0.08241853554022005,
        0.11229429991253564,
        0.02796773374724526
      ],
      [
        0.4910434003586996,
        0.13685536518914482,
        0.1494206652521546,
        0.08241853554022005,
        0.11229429991253564,
        0.02796773374724526
      ],
      [
        0.4712039532800288,
        0.16090767016132826,
        0.14316354214803328,
        0.07737307155283894,
        0.1168929517587468,
        0.030458811099023923
      ],
      [
        0.47367087771043315,
        0.1796204172300555,
        0.1363192756462336,
        0.06952544217576206,
        0.1106105925251824,
        0.03025339471233327
      ],
      [
        0.4948941714126996,
        0.17886020420809381,
        0.1367732752106166,
        0.06818408831314778,
        0.093049190252823,
        0.028239070602619286
      ],
      [
        0.4768855915569755,
        0.21750589711735524,
        0.13434671385026786,
        0.0626443763506954,
        0.08151726287318317,
        0.02710015825152269
      ],
      [
        0.440160725028478,
        0.23765214491880124,
        0.15169312466067586,
        0.06902436525107865,
        0.07550938574614635,
        0.025960254394819943
      ],
      [
        0.4262743012290375,
        0.24576698675229186,
        0.1575026457349215,
        0.07166874809863333,
        0.07325441520408188,
        0.025532902981033848
      ],
      [
        0.40909391471222906,
        0.25860006919946116,
        0.16337512416174282,
        0.07344215546390807,
        0.07048095072075226,
        0.025007785741906725
      ],
      [
        0.17788358417587105,
        0.2536814217285031,
        0.15130890424653323,
        0.08204759328006314,
        0.31041142352734646,
        0.024667073041682818
      ],
      [
        0.4683247582640857,
        0.21402360129811024,
        0.14210584635600365,
        0.06860363467291161,
        0.08010935379506297,
        0.02683280561382581
      ],
      [
        0.2305191828620432,
        0.18206999524253623,
        0.12724161980519624,
        0.07186402330807093,
        0.3608704092008297,
        0.027434769581323744
      ],
      [
        0.4910434003586996,
        0.13685536518914482,
        0.1494206652521546,
        0.08241853554022005,
        0.11229429991253564,
        0.02796773374724526
      ],
      [
        0.4910434003586996,
        0.13685536518914482,
        0.1494206652521546,
        0.08241853554022005,
        0.11229429991253564,
        0.02796773374724526
      ],
      [
        0.4928084511603714,
        0.16200678665665078,
        0.13738340648611697,
        0.07164760038615625,
        0.10829100805766603,
        0.027862747253038514
      ],
      [
        0.4712039532800288,
        0.16090767016132826,
        0.14316354214803328,
        0.07737307155283894,
        0.1168929517587468,
        0.030458811099023923
      ],
      [
        0.4712039532800288,
        0.16090767016132826,
        0.14316354214803328,
        0.07737307155283894,
        0.1168929517587468,
        0.030458811099023923
      ],
      [
        0.4712039532800288,
        0.16090767016132826,
        0.14316354214803328,
        0.07737307155283894,
        0.1168929517587468,
        0.030458811099023923
      ],
      [
        0.4910434003586996,
        0.13685536518914482,
        0.1494206652521546,
        0.08241853554022005,
        0.11229429991253564,
        0.02796773374724526
      ],
      [
        0.27289948968628097,
        0.12740186411717197,
        0.1294149837820999,
        0.07938598800880864,
        0.3632888096036826,
        0.027608864801955922
      ],
      [
        0.45665107534950683,
        0.13922641723090298,
        0.14538666513081533,
        0.11504780331289156,
        0.11036938863043477,
        0.03331865034544839
      ],
      [
        0.23794849821849487,
        0.12429605026658856,
        0.12095487817828945,
        0.10479369605208302,
        0.3771725231521499,
        0.03483435413239419
      ],
      [
        0.24953506095786993,
        0.116503068008478,
        0.11315330864744173,
        0.09786633745736285,
        0.3838682294811213,
        0.039073995447726134
      ],
      [
        0.45636697358217015,
        0.13808659130665746,
        0.14416661246661147,
        0.1141183443933665,
        0.1121330774046477,
        0.035128400846546594
      ],
      [
        0.24953506095786993,
        0.116503068008478,
        0.11315330864744173,
        0.09786633745736285,
        0.3838682294811213,
        0.039073995447726134
      ],
      [
        0.45636697358217015,
        0.13808659130665746,
        0.14416661246661147,
        0.1141183443933665,
        0.1121330774046477,
        0.035128400846546594
      ],
      [
        0.45636697358217015,
        0.13808659130665746,
        0.14416661246661147,
        0.1141183443933665,
        0.1121330774046477,
        0.035128400846546594
      ],
      [
        0.4568803965152618,
        0.1457658989062357,
        0.15255454888247338,
        0.10288518427725424,
        0.10707083562877172,
        0.034843135790003116
      ],
      [
        0.4564265200144189,
        0.14868806892849315,
        0.15545007317857654,
        0.09683970641970742,
        0.10102005240610944,
        0.04157557905269454
      ],
      [
        0.45791530551982046,
        0.1577192781951157,
        0.16265456762664046,
        0.09258118493459624,
        0.09447749663476793,
        0.0346521670890592
      ],
      [
        0.4572397790765864,
        0.15556458785460772,
        0.1626070954290508,
        0.09328225171797894,
        0.09085240212122134,
        0.040453883800554806
      ],
      [
        0.45687290682820697,
        0.1526833757813773,
        0.15962261646209244,
        0.09465943341927571,
        0.09520272378139297,
        0.04095894372765451
      ],
      [
        0.457637003490295,
        0.1660454478637267,
        0.15807457551973897,
        0.09076567983757398,
        0.08743758286862817,
        0.040039710420037206
      ],
      [
        0.45783655727864564,
        0.16466382083451395,
        0.16238458094460015,
        0.08961581903252497,
        0.08569038579686834,
        0.03980883611284679
      ],
      [
        0.4597516981360373,
        0.1430954047669481,
        0.1803312512469365,
        0.1220681505976275,
        0.06457011203300765,
        0.030183383219442937
      ]
    ],
    [
      [
        0.5150235415757334,
        0.15443704642029218,
        0.20969197664243452,
        0.09137769880281119,
        0.014752921557307511,
        0.014716815001421225
      ],
      [
        0.4910434003586996,
        0.13685536518914482,
        0.1494206652521546,
        0.08241853554022005,
        0.11229429991253564,
        0.02796773374724526
      ],
      [
        0.4890676568893573,
        0.17063516605118417,
        0.07725998583098621,
        0.10224860169994651,
        0.11624884781988314,
        0.044539741708642805
      ],
      [
        0.4890676568893573,
        0.17063516605118417,
        0.07725998583098621,
        0.10224860169994651,
        0.11624884781988314,
        0.044539741708642805
      ],
      [
        0.27458070799719747,
        0.15579609050266824,
        0.06598076540327187,
        0.09607462078457595,
        0.36277173005277835,
        0.04479608525950807
      ],
      [
        0.4890676568893573,
        0.17063516605118417,
        0.07725998583098621,
        0.10224860169994651,
        0.11624884781988314,
        0.044539741708642805
      ],
      [
        0.2698944164652797,
        0.17816372797686364,
        0.061725957860477104,
        0.08911777687843782,
        0.3518815425295662,
        0.04921657828937552
      ],
      [
        0.26312195703580643,
        0.19160439482171374,
        0.06862483271840612,
        0.07578332153420639,
        0.35208360564857577,
        0.04878188824129148
      ],
      [
        0.49192717805631975,
        0.19316383570284787,
        0.08906382403673622,
        0.0734056028547269,
        0.10610186800413902,
        0.04633769134523031
      ],
      [
        0.4910847517019042,
        0.21686330003823595,
        0.09463412761660424,
        0.06393076915476731,
        0.08940982984963748,
        0.04407722163885084
      ],
      [
        0.45584300512174386,
        0.23859598057957943,
        0.11141690843325144,
        0.06952993418267582,
        0.08308442624264584,
        0.04152974544010365
      ],
      [
        0.1630842859093843,
        0.31094554938551344,
        0.0943556673012244,
        0.07721659851021795,
        0.30675457030948167,
        0.047643328584178295
      ],
      [
        0.45688039917021406,
        0.1822450254601989,
        0.10698207738967612,
        0.1275673140597352,
        0.0873307546607316,
        0.038994429259443894
      ],
      [
        0.3997418849684996,
        0.3003050218716309,
        0.10390025513019471,
        0.07505579901495146,
        0.07261150053799577,
        0.048385538476727497
      ],
      [
        0.4576715175093229,
        0.19762507721373038,
        0.11955498525669227,
        0.09607910510525902,
        0.08971914830457631,
        0.03935016661041907
      ],
      [
        0.2014908952786303,
        0.16236431559885056,
        0.09227420676469583,
        0.12154768859318643,
        0.38128753642775476,
        0.0410353573368822
      ],
      [
        0.456494029085848,
        0.1910077019218779,
        0.10735518798158937,
        0.09646432748927776,
        0.10384101474555095,
        0.044837738775856076
      ],
      [
        0.45613552448173245,
        0.18409786300019365,
        0.1009975899987707,
        0.10403735027967992,
        0.1108118811903578,
        0.0439197910492654
      ],
      [
        0.4462189376177866,
        0.18343785421870204,
        0.10239557712428378,
        0.11736798998224653,
        0.10868539157052633,
        0.04189424948645467
      ],
      [
        0.4563569309627937,
        0.18614913547892367,
        0.10086636946383269,
        0.10415980590240145,
        0.10967130283869378,
        0.042796455353354676
      ],
      [
        0.4462454084222997,
        0.18287957395062027,
        0.10209888050542583,
        0.11702610584611846,
        0.1104012668860452,
        0.04134876438949041
      ],
      [
        0.27326308665464505,
        0.12976764901343962,
        0.07528715723531727,
        0.10974195308384634,
        0.3589487285163959,
        0.05299142549635572
      ],
      [
        0.44569066299174587,
        0.1666120356342795,
        0.09582293819497194,
        0.1360734775533478,
        0.11419778019989443,
        0.041603105425760345
      ],
      [
        0.44569066299174587,
        0.1666120356342795,
        0.09582293819497194,
        0.1360734775533478,
        0.11419778019989443,
        0.041603105425760345
      ],
      [
        0.4456552659916376,
        0.16714457037393693,
        0.09611341092764136,
        0.13650157522565803,
        0.11243194762476161,
        0.04215322985636451
      ],
      [
        0.4556126270145456,
        0.16008909242721722,
        0.0943712540468141,
        0.13201623323412948,
        0.11386730284550821,
        0.044043490431785494
      ],
      [
        0.4462806318768478,
        0.16669303038582198,
        0.09585355994928164,
        0.13693773681742852,
        0.11219823282253405,
        0.04203680814808581
      ],
      [
        0.4462806318768478,
        0.16669303038582198,
        0.09585355994928164,
        0.13693773681742852,
        0.11219823282253405,
        0.04203680814808581
      ],
      [
        0.2546152540327456,
        0.13178444110975318,
        0.07111889606764084,
        0.10948565817225607,
        0.3842304315932514,
        0.048765319024352945
      ],
      [
        0.4559076070783869,
        0.15977597653555645,
        0.09048600815786871,
        0.1305027736352656,
        0.11828756380936727,
        0.04504007078355513
      ],
      [
        0.2546152540327456,
        0.13178444110975318,
        0.07111889606764084,
        0.10948565817225607,
        0.3842304315932514,
        0.048765319024352945
      ],
      [
        0.4555531152788724,
        0.1589751585276983,
        0.11842216002880009,
        0.10911606609176312,
        0.11335834484201869,
        0.04457515523084738
      ],
      [
        0.23808428279082255,
        0.13722823822200764,
        0.104918578535622,
        0.089472922028867,
        0.38279017393353726,
        0.04750580448914343
      ],
      [
        0.45637964631084516,
        0.1676536199586173,
        0.13699168266368,
        0.0938638190508927,
        0.10080647251958093,
        0.04430475949638388
      ],
      [
        0.2028780220706298,
        0.15316339363291578,
        0.12704093151647242,
        0.0875961379489696,
        0.3811495719893318,
        0.04817194284168058
      ],
      [
        0.4034979436120696,
        0.1442546610570096,
        0.24845981543696724,
        0.07374579813551842,
        0.07909014717513208,
        0.050951634583303124
      ],
      [
        0.4506377994907101,
        0.14541749223620976,
        0.18204116682976204,
        0.1246269921883866,
        0.06753300869340537,
        0.02974354056152602
      ],
      [
        0.4506377994907101,
        0.14541749223620976,
        0.18204116682976204,
        0.1246269921883866,
        0.06753300869340537,
        0.02974354056152602
      ],
      [
        0.4509988408530255,
        0.14498866143655267,
        0.18155929581039665,
        0.12423475125974212,
        0.06826454325372416,
        0.029953907386558835
      ],
      [
        0.4597516981360373,
        0.1430954047669481,
        0.1803312512469365,
        0.1220681505976275,
        0.06457011203300765,
        0.030183383219442937
      ]
    ],
    [
      [
        0.5150235415757334,
        0.15443704642029218,
        0.20969197664243452,
        0.09137769880281119,
        0.014752921557307511,
        0.014716815001421225
      ],
      [
        0.27289948968628097,
        0.12740186411717197,
        0.1294149837820999,
        0.07938598800880864,
        0.3632888096036826,
        0.027608864801955922
      ],
      [
        0.4890676568893573,
        0.17063516605118417,
        0.07725998583098621,
        0.10224860169994651,
        0.11624884781988314,
        0.044539741708642805
      ],
      [
        0.4890676568893573,
        0.17063516605118417,
        0.07725998583098621,
        0.10224860169994651,
        0.11624884781988314,
        0.044539741708642805
      ],
      [
        0.4890676568893573,
        0.17063516605118417,
        0.07725998583098621,
        0.10224860169994651,
        0.11624884781988314,
        0.044539741708642805
      ],
      [
        0.4787236104784613,
        0.19379211974232105,
        0.06897306927917604,
        0.09172257355518768,
        0.1195399314375513,
        0.047248695507302374
      ],
      [
        0.4787236104784613,
        0.19379211974232105,
        0.06897306927917604,
        0.09172257355518768,
        0.1195399314375513,
        0.047248695507302374
      ],
      [
        0.4787236104784613,
        0.19379211974232105,
        0.06897306927917604,
        0.09172257355518768,
        0.1195399314375513,
        0.047248695507302374
      ],
      [
        0.49328993864149595,
        0.1997800378070373,
        0.08417526817677327,
        0.07007457842288722,
        0.10625120181788733,
        0.046428975133919054
      ],
      [
        0.22031839002963252,
        0.22081658465224754,
        0.08796861422391127,
        0.0731067230146041,
        0.3546794031054385,
        0.04311028497416602
      ],
      [
        0.15678953800661485,
        0.35023812761519135,
        0.1361027573408741,
        0.08804705021898128,
        0.1894535007976277,
        0.07936902602071065
      ],
      [
        0.23197343123900727,
        0.17455539793930697,
        0.100865598585324,
        0.08956753323851037,
        0.35567693016785257,
        0.04736110882999885
      ],
      [
        0.45702002489878785,
        0.1826753263217332,
        0.10802051489885514,
        0.12882910807593156,
        0.08477967011922277,
        0.03867535568546946
      ],
      [
        0.37306346533937823,
        0.3084740458417423,
        0.10596590477961358,
        0.07734890254562456,
        0.08720078308572621,
        0.04794689840791499
      ],
      [
        0.3887769013705165,
        0.28964755554592864,
        0.11065370401499501,
        0.08203099782846959,
        0.07609936632773388,
        0.05279147491235604
      ],
      [
        0.45743593787090536,
        0.19651972311468724,
        0.11822948735979333,
        0.09792903617740681,
        0.08916123286004715,
        0.04072458261716005
      ],
      [
        0.21942457657495174,
        0.1714216523288351,
        0.09507902569364891,
        0.08941723273735268,
        0.3826183877360618,
        0.042039124929149733
      ],
      [
        0.21927155530646297,
        0.1705492892659039,
        0.0888018922608198,
        0.08926279216303774,
        0.38208852393854986,
        0.05002594706522566
      ],
      [
        0.4562964653208927,
        0.18868239730814984,
        0.10197980039788238,
        0.09786416883476629,
        0.10974372281001231,
        0.04543344532829656
      ],
      [
        0.45628924284240097,
        0.1885954765706628,
        0.10149417597320184,
        0.09824798114860896,
        0.10992217925489363,
        0.0454509442102318
      ],
      [
        0.4565352527534369,
        0.19099238552826303,
        0.10243797128157188,
        0.09716871637920517,
        0.10850254561720951,
        0.04436312844031337
      ],
      [
        0.24794417224082774,
        0.15477640345114102,
        0.074969179878163,
        0.09268528006942525,
        0.3840361853725591,
        0.04558877898788394
      ],
      [
        0.4074634530065854,
        0.1531405060673245,
        0.09411848935338658,
        0.12822467269866553,
        0.1679666334706401,
        0.04908624540339794
      ],
      [
        0.44569066299174587,
        0.1666120356342795,
        0.09582293819497194,
        0.1360734775533478,
        0.11419778019989443,
        0.041603105425760345
      ],
      [
        0.44569066299174587,
        0.1666120356342795,
        0.09582293819497194,
        0.1360734775533478,
        0.11419778019989443,
        0.041603105425760345
      ],
      [
        0.24029950053684265,
        0.1464097102621605,
        0.08082298057307684,
        0.104749642553651,
        0.3833173691559709,
        0.04440079691829805
      ],
      [
        0.2546152540327456,
        0.13178444110975318,
        0.07111889606764084,
        0.10948565817225607,
        0.3842304315932514,
        0.048765319024352945
      ],
      [
        0.4462806318768478,
        0.16669303038582198,
        0.09585355994928164,
        0.13693773681742852,
        0.11219823282253405,
        0.04203680814808581
      ],
      [
        0.4462806318768478,
        0.16669303038582198,
        0.09585355994928164,
        0.13693773681742852,
        0.11219823282253405,
        0.04203680814808581
      ],
      [
        0.4559076070783869,
        0.15977597653555645,
        0.09048600815786871,
        0.1305027736352656,
        0.11828756380936727,
        0.04504007078355513
      ],
      [
        0.4559076070783869,
        0.15977597653555645,
        0.09048600815786871,
        0.1305027736352656,
        0.11828756380936727,
        0.04504007078355513
      ],
      [
        0.2546152540327456,
        0.13178444110975318,
        0.07111889606764084,
        0.10948565817225607,
        0.3842304315932514,
        0.048765319024352945
      ],
      [
        0.4557483408667691,
        0.16545109327409202,
        0.124986076972113,
        0.10122392992237317,
        0.10610742274720053,
        0.046483136217452196
      ],
      [
        0.4565734644690302,
        0.17108466301360184,
        0.13636390074806454,
        0.0934015102547502,
        0.0985201970612655,
        0.044056264453287815
      ],
      [
        0.45804138037172376,
        0.16352907280728152,
        0.16588697539560854,
        0.09035964510311914,
        0.08277886958431702,
        0.03940405673795006
      ],
      [
        0.44778528557173886,
        0.16612528288174866,
        0.11205658397238825,
        0.14102859121237876,
        0.09186447357580896,
        0.041139782785936406
      ],
      [
        0.4591556861565911,
        0.1696407920142475,
        0.1685888772915944,
        0.08936274067287907,
        0.07911341860506889,
        0.03413848525961909
      ],
      [
        0.4594140236497713,
        0.17266948845365535,
        0.1684049849538987,
        0.08893430148460205,
        0.07671795484115582,
        0.03385924661691684
      ],
      [
        0.4597350335947866,
        0.17187586653493378,
        0.17071215675185603,
        0.0886049376451324,
        0.07734038973313236,
        0.031731615740158876
      ],
      [
        0.4509988408530255,
        0.14498866143655267,
        0.18155929581039665,
        0.12423475125974212,
        0.06826454325372416,
        0.029953907386558835
      ]
    ],
    [
      [
        0.5150235415757334,
        0.15443704642029218,
        0.20969197664243452,
        0.09137769880281119,
        0.014752921557307511,
        0.014716815001421225
      ],
      [
        0.5150235415757334,
        0.15443704642029218,
        0.20969197664243452,
        0.09137769880281119,
        0.014752921557307511,
        0.014716815001421225
      ],
      [
        0.27289948968628097,
        0.12740186411717197,
        0.1294149837820999,
        0.07938598800880864,
        0.3632888096036826,
        0.027608864801955922
      ],
      [
        0.27289948968628097,
        0.12740186411717197,
        0.1294149837820999,
        0.07938598800880864,
        0.3632888096036826,
        0.027608864801955922
      ],
      [
        0.4910434003586996,
        0.13685536518914482,
        0.1494206652521546,
        0.08241853554022005,
        0.11229429991253564,
        0.02796773374724526
      ],
      [
        0.4712039532800288,
        0.16090767016132826,
        0.14316354214803328,
        0.07737307155283894,
        0.1168929517587468,
        0.030458811099023923
      ],
      [
        0.26924040831191826,
        0.1450831756909467,
        0.1286601778102234,
        0.07287031749405151,
        0.3545551009701424,
        0.029590819722717716
      ],
      [
        0.4737427137660396,
        0.18003471511375185,
        0.13607567744587304,
        0.06921984187596933,
        0.11066903571303609,
        0.03025801608533016
      ],
      [
        0.4959840605437593,
        0.1866752237283905,
        0.13352085292541205,
        0.06670723386856552,
        0.08910512898543355,
        0.02800749994843911
      ],
      [
        0.45406322254164605,
        0.2436561935657037,
        0.1364681054869582,
        0.06162712183974105,
        0.077791782455465,
        0.026393574110486068
      ],
      [
        0.42944959558857054,
        0.26592987549048747,
        0.11802154451842305,
        0.06854244031242686,
        0.07840688134243429,
        0.03964966274765777
      ],
      [
        0.20692983937981294,
        0.31949060964891113,
        0.09726599125945158,
        0.07772382034703702,
        0.25206590993454053,
        0.04652382943024683
      ],
      [
        0.27982210590450507,
        0.24435823765274342,
        0.11442824076458641,
        0.10143008572201831,
        0.18669486363066287,
        0.07326646632548378
      ],
      [
        0.14722444830492598,
        0.3040070012971873,
        0.10073954983664322,
        0.15862072144065814,
        0.23192968652228457,
        0.057478592598300855
      ],
      [
        0.38119052077859283,
        0.29936846280071666,
        0.10362976896697045,
        0.07789667473910299,
        0.08908257545422191,
        0.048831997260395034
      ],
      [
        0.19552492983256556,
        0.1669751588753345,
        0.09612512083557487,
        0.11984919751247654,
        0.38113349033165494,
        0.040392102612393614
      ],
      [
        0.45733841186124113,
        0.19618044886627586,
        0.11410303770648891,
        0.09696532587391493,
        0.09510329934461774,
        0.04030947634746123
      ],
      [
        0.456095705305816,
        0.1756923568594189,
        0.10070568924422688,
        0.1224393681291314,
        0.10443494413157144,
        0.04063193632983543
      ],
      [
        0.4560101274689191,
        0.17301722543319142,
        0.09524355267787141,
        0.12737732882065445,
        0.1069817603431859,
        0.04137000525617767
      ],
      [
        0.23112479258128005,
        0.1709956262403806,
        0.08636763544952236,
        0.08361219287152248,
        0.38339320981437675,
        0.04450654304291781
      ],
      [
        0.24692602978756048,
        0.16658350093686827,
        0.08872913680679184,
        0.0864416920715045,
        0.35660291682939116,
        0.05471672356788356
      ],
      [
        0.4560118516758682,
        0.17412909016568545,
        0.09284803263623592,
        0.12135911795170909,
        0.11411173591486114,
        0.04154017165564016
      ],
      [
        0.45623300331125033,
        0.1823415156287148,
        0.09272071176050661,
        0.10618710282314321,
        0.11917440716159584,
        0.04334325931478928
      ],
      [
        0.4396895475829167,
        0.16807095598374172,
        0.09758206496880859,
        0.13776127970219856,
        0.11368764738152362,
        0.04320850438081078
      ],
      [
        0.44002797733189175,
        0.1792629446233748,
        0.10269360813991033,
        0.12431473440096916,
        0.11070780121721481,
        0.04299293428663916
      ],
      [
        0.42204168477970266,
        0.15902081009963906,
        0.09694789403785158,
        0.10722792271306902,
        0.1645400436630101,
        0.050221644706727644
      ],
      [
        0.4564112720713723,
        0.17294099389961573,
        0.09645439496889323,
        0.11839286568340635,
        0.11306362176836011,
        0.04273685160835235
      ],
      [
        0.45615979121159245,
        0.1614189013747471,
        0.09138137240420986,
        0.13183045914071798,
        0.1162392579060549,
        0.042970217962677686
      ],
      [
        0.45615979121159245,
        0.1614189013747471,
        0.09138137240420986,
        0.13183045914071798,
        0.1162392579060549,
        0.042970217962677686
      ],
      [
        0.45615979121159245,
        0.1614189013747471,
        0.09138137240420986,
        0.13183045914071798,
        0.1162392579060549,
        0.042970217962677686
      ],
      [
        0.45615979121159245,
        0.1614189013747471,
        0.09138137240420986,
        0.13183045914071798,
        0.1162392579060549,
        0.042970217962677686
      ],
      [
        0.2367599928761292,
        0.1437652251003613,
        0.09485892326288892,
        0.09430831532977887,
        0.38284854518166167,
        0.04745899824918006
      ],
      [
        0.45622791598424145,
        0.16922168063562032,
        0.12505070225582818,
        0.10290322674631878,
        0.10352735742245353,
        0.04306911695553746
      ],
      [
        0.458263104810873,
        0.16711347165795284,
        0.15782532841328203,
        0.09478534871684531,
        0.08791392243589695,
        0.03409882396514986
      ],
      [
        0.44923929400420887,
        0.18910402231093426,
        0.10914211223353494,
        0.13124971286572573,
        0.08053159174889542,
        0.040733266836700734
      ],
      [
        0.18327678259258198,
        0.16657431327804054,
        0.14847430517241003,
        0.08709072950376115,
        0.3824070060439276,
        0.032176863409278715
      ],
      [
        0.45814648180720935,
        0.17873581272343989,
        0.14989470831752852,
        0.08879095838882532,
        0.08544979719461746,
        0.03898224156837941
      ],
      [
        0.17447657735924693,
        0.17620341049266355,
        0.1340550868562883,
        0.08910875591862583,
        0.38091441921876784,
        0.04524175015440732
      ],
      [
        0.31595668240853875,
        0.18049707721826042,
        0.3388269535741414,
        0.05721999965751091,
        0.06309104607293106,
        0.04440824106861736
      ],
      [
        0.45141932979411714,
        0.16659148619473982,
        0.1729158897419927,
        0.11909544939647959,
        0.06049340886910238,
        0.02948443600356835
      ]
    ],
    [
      [
        0.5150235415757334,
        0.15443704642029218,
        0.20969197664243452,
        0.09137769880281119,
        0.014752921557307511,
        0.014716815001421225
      ],
      [
        0.5150235415757334,
        0.15443704642029218,
        0.20969197664243452,
        0.09137769880281119,
        0.014752921557307511,
        0.014716815001421225
      ],
      [
        0.5150235415757334,
        0.15443704642029218,
        0.20969197664243452,
        0.09137769880281119,
        0.014752921557307511,
        0.014716815001421225
      ],
      [
        0.5150235415757334,
        0.15443704642029218,
        0.20969197664243452,
        0.09137769880281119,
        0.014752921557307511,
        0.014716815001421225
      ],
      [
        0.5150235415757334,
        0.15443704642029218,
        0.20969197664243452,
        0.09137769880281119,
        0.014752921557307511,
        0.014716815001421225
      ],
      [
        0.5150235415757334,
        0.15443704642029218,
        0.20969197664243452,
        0.09137769880281119,
        0.014752921557307511,
        0.014716815001421225
      ],
      [
        0.5150235415757334,
        0.15443704642029218,
        0.20969197664243452,
        0.09137769880281119,
        0.014752921557307511,
        0.014716815001421225
      ],
      [
        0.5150972898092538,
        0.17010022651296797,
        0.19910263112082216,
        0.08623840066947384,
        0.014744924489370623,
        0.014716527398111447
      ],
      [
        0.5155244756795588,
        0.18273829027401883,
        0.190331959177732,
        0.08194932684990752,
        0.014739665189968613,
        0.014716282828814287
      ],
      [
        0.5161296264900981,
        0.19319643949443702,
        0.18292148257535765,
        0.07830045708984054,
        0.01473592408816362,
        0.01471607026210317
      ],
      [
        0.18053103752166055,
        0.2647373999574298,
        0.1381025214623742,
        0.07695467996198979,
        0.3148214698756592,
        0.02485289122088654
      ],
