{
  "prediction": [
    [
      [
        0.5150235415757334,
        0.15443704642029218,
        0.20969197664243452,
        0.09137769880281119,
        0.014752921557307511,
        0.014716815001421225
      ],
      [
        0.5150235415757334,
        0.15443704642029218,
        0.20969197664243452,
        0.09137769880281119,
        0.014752921557307511,
        0.014716815001421225
      ],
      [
        0.5150235415757334,
        0.15443704642029218,
        0.20969197664243452,
        0.09137769880281119,
        0.014752921557307511,
        0.014716815001421225
      ],
      [
        0.5150235415757334,
        0.15443704642029218,
        0.20969197664243452,
        0.09137769880281119,
        0.014752921557307511,
        0.014716815001421225
      ],
      [
        0.5150235415757334,
        0.15443704642029218,
        0.20969197664243452,
        0.09137769880281119,
        0.014752921557307511,
        0.014716815001421225
      ],
      [
        0.5150235415757334,
        0.15443704642029218,
        0.20969197664243452,
        0.09137769880281119,
        0.014752921557307511,
        0.014716815001421225
      ],
      [
        0.5150235415757334,
        0.15443704642029218,
        0.20969197664243452,
        0.09137769880281119,
        0.014752921557307511,
        0.014716815001421225
      ],
      [
        0.5150235415757334,
        0.15443704642029218,
        0.20969197664243452,
        0.09137769880281119,
        0.014752921557307511,
        0.014716815001421225
      ],
      [
        0.5150235415757334,
        0.15443704642029218,
        0.20969197664243452,
        0.09137769880281119,
        0.014752921557307511,
        0.014716815001421225
      ],
      [
        0.5150235415757334,
        0.15443704642029218,
        0.20969197664243452,
        0.09137769880281119,
        0.014752921557307511,
        0.014716815001421225
      ],
      [
        0.5150235415757334,
        0.15443704642029218,
        0.20969197664243452,
        0.09137769880281119,
        0.014752921557307511,
        0.014716815001421225
      ],
      [
        0.5150235415757334,
        0.15443704642029218,
        0.20969197664243452,
        0.09137769880281119,
        0.014752921557307511,
        0.014716815001421225
      ],
      [
        0.5150235415757334,
        0.15443704642029218,
        0.20969197664243452,
        0.09137769880281119,
        0.014752921557307511,
        0.014716815001421225
      ],
      [
        0.5150235415757334,
        0.15443704642029218,
        0.20969197664243452,
        0.09137769880281119,
        0.014752921557307511,
        0.014716815001421225
      ],
      [
        0.5150235415757334,
        0.15443704642029218,
        0.20969197664243452,
        0.09137769880281119,
        0.014752921557307511,
        0.014716815001421225
      ],
      [
        0.5150235415757334,
        0.15443704642029218,
        0.20969197664243452,
        0.09137769880281119,
        0.014752921557307511,
        0.014716815001421225
      ],
      [
        0.5150235415757334,
        0.15443704642029218,
        0.20969197664243452,
        0.09137769880281119,
        0.014752921557307511,
        0.014716815001421225
      ],
      [
        0.5150235415757334,
        0.15443704642029218,
        0.20969197664243452,
        0.09137769880281119,
        0.014752921557307511,
        0.014716815001421225
      ],
      [
        0.5150235415757334,
        0.15443704642029218,
        0.20969197664243452,
        0.09137769880281119,
        0.014752921557307511,
        0.014716815001421225
      ],
      [
        0.5150235415757334,
        0.15443704642029218,
        0.20969197664243452,
        0.09137769880281119,
        0.014752921557307511,
        0.014716815001421225
      ],
      [
        0.5150235415757334,
        0.15443704642029218,
        0.20969197664243452,
        0.09137769880281119,
        0.014752921557307511,
        0.014716815001421225
      ],
      [
        0.5150235415757334,
        0.15443704642029218,
        0.20969197664243452,
        0.09137769880281119,
        0.014752921557307511,
        0.014716815001421225
      ],
      [
        0.5150235415757334,
        0.15443704642029218,
        0.20969197664243452,
        0.09137769880281119,
        0.014752921557307511,
        0.014716815001421225
      ],
      [
        0.5150235415757334,
        0.15443704642029218,
        0.20969197664243452,
        0.09137769880281119,
        0.014752921557307511,
        0.014716815001421225
      ],
      [
        0.5150235415757334,
        0.15443704642029218,
        0.20969197664243452,
        0.09137769880281119,
        0.014752921557307511,
        0.014716815001421225
      ],
      [
        0.458068959532514,
        0.14311751636541276,
        0.1801222457985161,
        0.12417385441187849,
        0.06414170195021891,
        0.030375721941459717
      ],
      [
        0.4498460121919593,
        0.14512188655952551,
        0.1815510511491796,
        0.1263948672199834,
        0.0671722306954959,
        0.02991395218385618
      ],
      [
        0.4498460121919593,
        0.14512188655952551,
        0.1815510511491796,
        0.1263948672199834,
        0.0671722306954959,
        0.02991395218385618
      ],
      [
        0.4498460121919593,
        0.14512188655952551,
        0.1815510511491796,
        0.1263948672199834,
        0.0671722306954959,
        0.02991395218385618
      ],
      [
        0.4498460121919593,
        0.14512188655952551,
        0.1815510511491796,
        0.1263948672199834,
        0.0671722306954959,
        0.02991395218385618
      ],
      [
        0.4498460121919593,
        0.14512188655952551,
        0.1815510511491796,
        0.1263948672199834,
        0.0671722306954959,
        0.02991395218385618
      ],
      [
        0.4498460121919593,
        0.14512188655952551,
        0.1815510511491796,
        0.1263948672199834,
        0.0671722306954959,
        0.02991395218385618
      ],
      [
        0.4498460121919593,
        0.14512188655952551,
        0.1815510511491796,
        0.1263948672199834,
        0.0671722306954959,
        0.02991395218385618
      ],
      [
        0.4498460121919593,
        0.14512188655952551,
        0.1815510511491796,
        0.1263948672199834,
        0.0671722306954959,
        0.02991395218385618
      ],
      [
        0.458068959532514,
        0.14311751636541276,
        0.1801222457985161,
        0.12417385441187849,
        0.06414170195021891,
        0.030375721941459717
      ],
      [
        0.44905834975385006,
        0.14541414554144422,
        0.1818109721094136,
        0.12669344321795337,
        0.06709146212042824,
        0.02993162725691046
      ],
      [
        0.4498460121919593,
        0.14512188655952551,
        0.1815510511491796,
        0.1263948672199834,
        0.0671722306954959,
        0.02991395218385618
      ],
      [
        0.4498460121919593,
        0.14512188655952551,
        0.1815510511491796,
        0.1263948672199834,
        0.0671722306954959,
        0.02991395218385618
      ],
      [
        0.4498460121919593,
        0.14512188655952551,
        0.1815510511491796,
        0.1263948672199834,
        0.0671722306954959,
        0.02991395218385618
      ],
      [
        0.4498460121919593,
        0.14512188655952551,
        0.1815510511491796,
        0.1263948672199834,
        0.0671722306954959,
        0.02991395218385618
      ]
    ],
    [
      [
        0.5150235415757334,
        0.15443704642029218,
        0.20969197664243452,
        0.09137769880281119,
        0.014752921557307511,
        0.014716815001421225
      ],
      [
        0.490622392270285,
        0.13556933511630004,
        0.14787702790131846,
        0.0816679251572292,
        0.11500730599699668,
        0.029256013557870497
      ],
      [
        0.5150235415757334,
        0.15443704642029218,
        0.20969197664243452,
        0.09137769880281119,
        0.014752921557307511,
        0.014716815001421225
      ],
      [
        0.5150235415757334,
        0.15443704642029218,
        0.20969197664243452,
        0.09137769880281119,
        0.014752921557307511,
        0.014716815001421225
      ],
      [
        0.5150235415757334,
        0.15443704642029218,
        0.20969197664243452,
        0.09137769880281119,
        0.014752921557307511,
        0.014716815001421225
      ],
      [
        0.5153124540124716,
        0.17788028621353297,
        0.19370910598245242,
        0.08362838757204087,
        0.014752941546082544,
        0.014716824673419438
      ],
      [
        0.47490627631690424,
        0.15993310284384593,
        0.14204450951278255,
        0.07695701332724622,
        0.11616729073275893,
        0.02999180726646212
      ],
      [
        0.4712039532800288,
        0.16090767016132826,
        0.14316354214803328,
        0.07737307155283894,
        0.1168929517587468,
        0.030458811099023923
      ],
      [
        0.4712039532800288,
        0.16090767016132826,
        0.14316354214803328,
        0.07737307155283894,
        0.1168929517587468,
        0.030458811099023923
      ],
      [
        0.27289948968628097,
        0.12740186411717197,
        0.1294149837820999,
        0.07938598800880864,
        0.3632888096036826,
        0.027608864801955922
      ],
      [
        0.4925064904960341,
        0.19913346510116564,
        0.13691931765494897,
        0.0598003299615398,
        0.0840585476902951,
        0.02758184909601631
      ],
      [
        0.18875326986074814,
        0.24769343146801553,
        0.1449113950998489,
        0.06399002132775995,
        0.3292686535435139,
        0.02538322870011368
      ],
      [
        0.4323363987608424,
        0.2521732298727075,
        0.15734112396243824,
        0.05822557092333265,
        0.07421048508864264,
        0.025713191392036462
      ],
      [
        0.4388892776772726,
        0.24597479681511786,
        0.15434008075422048,
        0.05959950184644868,
        0.07528023758250135,
        0.025916105324439123
      ],
      [
        0.4463160664309087,
        0.2389327430013444,
        0.1506188359637696,
        0.06148867883681034,
        0.07649670447715941,
        0.02614697129000746
      ],
      [
        0.4644904684090449,
        0.21739193108823196,
        0.14289277519314078,
        0.06902744304312246,
        0.07948331656394485,
        0.026714065702515097
      ],
      [
        0.21560934680106764,
        0.2011572582213377,
        0.12757436948657985,
        0.06753692752800837,
        0.3611971951025523,
        0.026924902860454084
      ],
      [
        0.4933749879379087,
        0.16555547721186245,
        0.13691051867287232,
        0.06854419356922727,
        0.10776041741151156,
        0.0278544051966177
      ],
      [
        0.4910434003586996,
        0.13685536518914482,
        0.1494206652521546,
        0.08241853554022005,
        0.11229429991253564,
        0.02796773374724526
      ],
      [
        0.4910434003586996,
        0.13685536518914482,
        0.1494206652521546,
        0.08241853554022005,
        0.11229429991253564,
        0.02796773374724526
      ],
      [
        0.4712039532800288,
        0.16090767016132826,
        0.14316354214803328,
        0.07737307155283894,
        0.1168929517587468,
        0.030458811099023923
      ],
      [
        0.26720177018622115,
        0.14534706474353434,
        0.1219303512389042,
        0.07491229882034922,
        0.3631246696951316,
        0.027483845315859477
      ],
      [
        0.49287298428817805,
        0.1657991549918942,
        0.13379466848698932,
        0.07325647099528337,
        0.10648218607975486,
        0.027794535157900334
      ],
      [
        0.4941205680853996,
        0.177648482705246,
        0.13417245476287526,
        0.07982070484490462,
        0.08644820756300813,
        0.02778958203856647
      ],
      [
        0.44455331210381127,
        0.21127419181885396,
        0.16182752615107127,
        0.08005870915179374,
        0.07619660255127443,
        0.026089658223195318
      ],
      [
        0.3800224723149992,
        0.27172161609115986,
        0.13832538830435662,
        0.08482489676939232,
        0.07586123582066512,
        0.04924439069942681
      ],
      [
        0.4498460121919593,
        0.14512188655952551,
        0.1815510511491796,
        0.1263948672199834,
        0.0671722306954959,
        0.02991395218385618
      ],
      [
        0.23917926886172663,
        0.1211567031367406,
        0.1176933579054317,
        0.1036986545102925,
        0.3755670075566288,
        0.04270500802917972
      ],
      [
        0.24857229553369273,
        0.11672245240839073,
        0.11327261240535898,
        0.09955489462154124,
        0.38255505236639403,
        0.0393226926646222
      ],
      [
        0.44575792306943973,
        0.14121343507489387,
        0.14713786273701823,
        0.11909458630902661,
        0.10998239598466043,
        0.03681379682496109
      ],
      [
        0.24857229553369273,
        0.11672245240839073,
        0.11327261240535898,
        0.09955489462154124,
        0.38255505236639403,
        0.0393226926646222
      ],
      [
        0.4498460121919593,
        0.14512188655952551,
        0.1815510511491796,
        0.1263948672199834,
        0.0671722306954959,
        0.02991395218385618
      ],
      [
        0.17933626006061149,
        0.16040546570317032,
        0.14864977039969085,
        0.0927809845899515,
        0.38001438945398636,
        0.03881312979258946
      ],
      [
        0.3808522446803705,
        0.16239467603269184,
        0.2546557994947773,
        0.07781121338367762,
        0.07538244769836676,
        0.04890361871011609
      ],
      [
        0.4566891508057975,
        0.15933414342062568,
        0.15036627340029374,
        0.12680521057126454,
        0.07545035303090261,
        0.0313548687711159
      ],
      [
        0.38656014363554875,
        0.1596135889853673,
        0.2676175399049392,
        0.07487907637626492,
        0.06931789530597872,
        0.042011755791901285
      ],
      [
        0.18214350166875187,
        0.16760753542380422,
        0.1439625365067699,
        0.09304219780448988,
        0.3809008179722548,
        0.03234341062392936
      ],
      [
        0.45722590726615997,
        0.17146198758259898,
        0.16247970506824455,
        0.09612399677388678,
        0.07925581405277862,
        0.03345258925633112
      ],
      [
        0.17558039101516457,
        0.16281691841624146,
        0.14691924546623017,
        0.09629980366934889,
        0.379875810421574,
        0.03850783101144069
      ],
      [
        0.4498460121919593,
        0.14512188655952551,
        0.1815510511491796,
        0.1263948672199834,
        0.0671722306954959,
        0.02991395218385618
      ]
    ],
    [
      [
        0.5150235415757334,
        0.15443704642029218,
        0.20969197664243452,
        0.09137769880281119,
        0.014752921557307511,
        0.014716815001421225
      ],
      [
        0.490622392270285,
        0.13556933511630004,
        0.14787702790131846,
        0.0816679251572292,
        0.11500730599699668,
        0.029256013557870497
      ],
      [
        0.490622392270285,
        0.13556933511630004,
        0.14787702790131846,
        0.0816679251572292,
        0.11500730599699668,
        0.029256013557870497
      ],
      [
        0.490622392270285,
        0.13556933511630004,
        0.14787702790131846,
        0.0816679251572292,
        0.11500730599699668,
        0.029256013557870497
      ],
      [
        0.2691135829715966,
        0.14540670623859908,
        0.11897819525090517,
        0.07466736137511788,
        0.3631680315391526,
        0.02866612262462865
      ],
      [
        0.4913695641782165,
        0.1534602849259933,
        0.1351655439413787,
        0.07581521862636083,
        0.11491305300159484,
        0.029276335326455745
      ],
      [
        0.5153124540124716,
        0.17788028621353297,
        0.19370910598245242,
        0.08362838757204087,
        0.014752941546082544,
        0.014716824673419438
      ],
      [
        0.5150235415757334,
        0.15443704642029218,
        0.20969197664243452,
        0.09137769880281119,
        0.014752921557307511,
        0.014716815001421225
      ],
      [
        0.4712039532800288,
        0.16090767016132826,
        0.14316354214803328,
        0.07737307155283894,
        0.1168929517587468,
        0.030458811099023923
      ],
      [
        0.03271730013124294,
        0.0665245265176667,
        0.04042310357338739,
        0.04753284363579591,
        0.03246961713165902,
        0.7803326090102479
      ],
      [
        0.4579539533718122,
        0.239509140699624,
        0.11754272202174722,
        0.05994680895563812,
        0.08339639829230565,
        0.0416509766588728
      ],
      [
        0.41594611759040906,
        0.2671044024263743,
        0.1405955061748051,
        0.061861616132740244,
        0.07587144437123312,
        0.038620913304438315
      ],
      [
        0.41103902532600156,
        0.2728720454504488,
        0.14244070705379017,
        0.06037412105391962,
        0.07500246730635021,
        0.03827163380948982
      ],
      [
        0.4149654856876524,
        0.26980814800486175,
        0.14016110707352109,
        0.0608086043575901,
        0.07570306441837928,
        0.03855359045799526
      ],
      [
        0.4269910145651173,
        0.25539035006194083,
        0.13168707444549366,
        0.06862494804474696,
        0.07787650213291408,
        0.03943011074978731
      ],
      [
        0.43910636823685234,
        0.242423524624013,
        0.12511716654487123,
        0.0729953214965027,
        0.08005141871796045,
        0.040306200379800323
      ],
      [
        0.47256737382457803,
        0.21410953549183118,
        0.1072822390839879,
        0.07723430072428324,
        0.08607370000745732,
        0.042732850867862195
      ],
      [
        0.4943432437337747,
        0.20483001038696486,
        0.09317340677376831,
        0.06593740332283358,
        0.09646732126784588,
        0.04524861451481267
      ],
      [
        0.4915577653674071,
        0.18873640528718297,
        0.08635465474482706,
        0.07710010946231113,
        0.11194569212136914,
        0.0443053730169027
      ],
      [
        0.4787236104784613,
        0.19379211974232105,
        0.06897306927917604,
        0.09172257355518768,
        0.1195399314375513,
        0.047248695507302374
      ],
      [
        0.4787236104784613,
        0.19379211974232105,
        0.06897306927917604,
        0.09172257355518768,
        0.1195399314375513,
        0.047248695507302374
      ],
      [
        0.4787236104784613,
        0.19379211974232105,
        0.06897306927917604,
        0.09172257355518768,
        0.1195399314375513,
        0.047248695507302374
      ],
      [
        0.4889264058188357,
        0.17326672539545956,
        0.08779412790810472,
        0.09479544485929182,
        0.11111242070405027,
        0.044104875314257976
      ],
      [
        0.4724864303322715,
        0.19987974573526987,
        0.11959744138030805,
        0.07937707262756032,
        0.08597279207291898,
        0.0426865178516712
      ],
      [
        0.4221076080152126,
        0.23260353688695426,
        0.14606329069405846,
        0.08327192265798393,
        0.07691601532111776,
        0.03903762642467299
      ],
      [
        0.45726757101558196,
        0.186632756033413,
        0.14884532411782253,
        0.09783148827242497,
        0.07156914383957898,
        0.03785371672117859
      ],
      [
        0.44905834975385006,
        0.14541414554144422,
        0.1818109721094136,
        0.12669344321795337,
        0.06709146212042824,
        0.02993162725691046
      ],
      [
        0.44905834975385006,
        0.14541414554144422,
        0.1818109721094136,
        0.12669344321795337,
        0.06709146212042824,
        0.02993162725691046
      ],
      [
        0.4455397496688766,
        0.15979713795451148,
        0.1364871239641222,
        0.11234118175561128,
        0.10737012604241951,
        0.03846468061445879
      ],
      [
        0.45374762595943835,
        0.156872232776333,
        0.08940533501413002,
        0.13065538023169662,
        0.12103353212568747,
        0.04828589389271453
      ],
      [
        0.44575792306943973,
        0.14121343507489387,
        0.14713786273701823,
        0.11909458630902661,
        0.10998239598466043,
        0.03681379682496109
      ],
      [
        0.4498460121919593,
        0.14512188655952551,
        0.1815510511491796,
        0.1263948672199834,
        0.0671722306954959,
        0.02991395218385618
      ],
      [
        0.17831195443315848,
        0.16618765027995672,
        0.14064179524072315,
        0.09616659454947674,
        0.37994169862374344,
        0.03875030687294146
      ],
      [
        0.41393747051969826,
        0.16507503252248729,
        0.13452125527043446,
        0.09729884677611668,
        0.14202886213323765,
        0.047138532778025675
      ],
      [
        0.39225255434985984,
        0.279495833749816,
        0.1255082872040543,
        0.07925696846763892,
        0.07358310619048689,
        0.049903250038143984
      ],
      [
        0.45620522259872054,
        0.18224473195283128,
        0.1409256859291725,
        0.09639524238447394,
        0.08533294124000887,
        0.03889617589479294
      ],
      [
        0.38848992029569385,
        0.28347373219232685,
        0.12494529514035856,
        0.08066850582029417,
        0.07292287795759984,
        0.04949966859372666
      ],
      [
        0.17897268778544642,
        0.1621599778308049,
        0.11798764361200945,
        0.11965925177016895,
        0.3791913353713189,
        0.04202910363025136
      ],
      [
        0.1478285563018361,
        0.1688371493580094,
        0.23659383790300687,
        0.09151835493785172,
        0.3079692492842454,
        0.04725285221505044
      ],
      [
        0.4498460121919593,
        0.14512188655952551,
        0.1815510511491796,
        0.1263948672199834,
        0.0671722306954959,
        0.02991395218385618
      ]
    ],
    [
      [
        0.5150235415757334,
        0.15443704642029218,
        0.20969197664243452,
        0.09137769880281119,
        0.014752921557307511,
        0.014716815001421225
      ],
      [
        0.490622392270285,
        0.13556933511630004,
        0.14787702790131846,
        0.0816679251572292,
        0.11500730599699668,
        0.029256013557870497
      ],
      [
        0.2865987084532539,
        0.14715133036389424,
        0.06271051217383418,
        0.09104950208095286,
        0.3640955622745433,
        0.04839438465352152
      ],
      [
        0.2871960243201842,
        0.1608572207704992,
        0.05626277927203161,
        0.08148943339319811,
        0.3656602222848922,
        0.0485343199591944
      ],
      [
        0.2871960243201842,
        0.1608572207704992,
        0.05626277927203161,
        0.08148943339319811,
        0.3656602222848922,
        0.0485343199591944
      ],
      [
        0.22378109416653752,
        0.22924975767819433,
        0.0680315550951404,
        0.10040679686338673,
        0.27025394316529205,
        0.10827685303144892
      ],
      [
        0.4913695641782165,
        0.1534602849259933,
        0.1351655439413787,
        0.07581521862636083,
        0.11491305300159484,
        0.029276335326455745
      ],
      [
        0.5153124540124716,
        0.17788028621353297,
        0.19370910598245242,
        0.08362838757204087,
        0.014752941546082544,
        0.014716824673419438
      ],
      [
        0.014721761154976948,
        0.07546583725025974,
        0.0990864896494781,
        0.05011236944204471,
        0.01472144830569511,
        0.7458920941975454
      ],
      [
        0.2062127098976796,
        0.24401442068046283,
        0.11080913627386926,
        0.06535429278111379,
        0.33264141396263897,
        0.04096802640423544
      ],
      [
        0.41594611759040906,
        0.2671044024263743,
        0.1405955061748051,
        0.061861616132740244,
        0.07587144437123312,
        0.038620913304438315
      ],
      [
        0.45721382503713587,
        0.20571320933614934,
        0.12558689982602256,
        0.08776243315481068,
        0.07802378802676672,
        0.04569984461911481
      ],
      [
        0.38337177283574203,
        0.3005408263779119,
        0.11805799118090601,
        0.07037757176728948,
        0.07531978312067152,
        0.052332054717479065
      ],
      [
        0.19037143827203998,
        0.19141041425691394,
        0.11069940825866005,
        0.08517947383457426,
        0.3813357746224519,
        0.041003490755359855
      ],
      [
        0.15504211163309772,
        0.2948445080263994,
        0.11094162670570966,
        0.08044823703168683,
        0.30394750198139214,
        0.05477601462171435
      ],
      [
        0.38857191824271065,
        0.280551013148082,
        0.11201406458216981,
        0.08171468959423465,
        0.08022962061624288,
        0.05691869381656002
      ],
      [
        0.45611252027406085,
        0.19201999840529252,
        0.1184997960723119,
        0.09976236768836212,
        0.09238100118183193,
        0.04122431637814071
      ],
      [
        0.4553894141111988,
        0.18823427682913313,
        0.10983321267206242,
        0.10095468087568496,
        0.10093561510030039,
        0.044652800411620314
      ],
      [
        0.25697452267378396,
        0.1545353542303359,
        0.08629256572122128,
        0.08962922840361787,
        0.35666416793881117,
        0.05590416103222984
      ],
      [
        0.44542571579498136,
        0.1841439119422284,
        0.10349594926736175,
        0.11594378560063705,
        0.10956562826951366,
        0.041425009125277794
      ],
      [
        0.44480482592542836,
        0.16516995641530824,
        0.09557774802595558,
        0.1389795163768197,
        0.11375648844522145,
        0.04171146481126665
      ],
      [
        0.44456054084055247,
        0.16228134595046376,
        0.10200409280201722,
        0.13795975280790174,
        0.11165738465568156,
        0.041536882943383195
      ],
      [
        0.23678626195585575,
        0.15086268965522484,
        0.09531344754565216,
        0.09147675646997154,
        0.38227040191587286,
        0.0432904424574227
      ],
      [
        0.45561807769757473,
        0.1850741079548378,
        0.12786350939936542,
        0.09977047335128532,
        0.08732316224354268,
        0.044350669353394004
      ],
      [
        0.4563310537842506,
        0.18913095410066721,
        0.13141631519680055,
        0.09748730157214482,
        0.08451425022072803,
        0.04112012512540887
      ],
      [
        0.3924149720381654,
        0.23975446876241388,
        0.11021232117304224,
        0.07747221103276898,
        0.12755275694057655,
        0.052593270053032944
      ],
      [
        0.3670062571092398,
        0.18922278305145898,
        0.2627165162133142,
        0.07746533316109304,
        0.06472741450692197,
        0.038861695957971884
      ],
      [
        0.44991066134947594,
        0.16819820488601295,
        0.17198471779061955,
        0.120435322904184,
        0.059818707846423916,
        0.029652385223283645
      ],
      [
        0.45080403588661794,
        0.18414192053184675,
        0.1645933197106694,
        0.11572541356072438,
        0.05529925577023117,
        0.02943605453991044
      ],
      [
        0.40672474031135225,
        0.1450354341147002,
        0.12615369252147,
        0.10666560153461206,
        0.1697066658784947,
        0.04571386563937077
      ],
      [
        0.45374762595943835,
        0.156872232776333,
        0.08940533501413002,
        0.13065538023169662,
        0.12103353212568747,
        0.04828589389271453
      ],
      [
        0.44575792306943973,
        0.14121343507489387,
        0.14713786273701823,
        0.11909458630902661,
        0.10998239598466043,
        0.03681379682496109
      ],
      [
        0.44905834975385006,
        0.14541414554144422,
        0.1818109721094136,
        0.12669344321795337,
        0.06709146212042824,
        0.02993162725691046
      ],
      [
        0.18492680560182065,
        0.1712271127062756,
        0.13598749191050777,
        0.09381358275976948,
        0.38090048917865105,
        0.03314451784297555
      ],
      [
        0.3939192189695499,
        0.2889222808071312,
        0.1197065086660022,
        0.077596924651212,
        0.07186926997595515,
        0.04798579693014954
      ],
      [
        0.383879711485918,
        0.28667473363023893,
        0.12328666983115134,
        0.08243449350848552,
        0.07339905989814487,
        0.0503253316460614
      ],
      [
        0.4556092322740194,
        0.17180999281330442,
        0.12334624173162252,
        0.1307821066853907,
        0.07956900918908996,
        0.038883417306572986
      ],
      [
        0.4554546899908884,
        0.16941618860599716,
        0.12362811697650833,
        0.13161282497576696,
        0.08083232086358957,
        0.03905585858724958
      ],
      [
        0.4574391057005152,
        0.17916041631001287,
        0.15243741403703687,
        0.101896573861378,
        0.07716190946236841,
        0.031904580628688624
      ],
      [
        0.4498460121919593,
        0.14512188655952551,
        0.1815510511491796,
        0.1263948672199834,
        0.0671722306954959,
        0.02991395218385618
      ]
    ],
    [
      [
        0.5150235415757334,
        0.15443704642029218,
        0.20969197664243452,
        0.09137769880281119,
        0.014752921557307511,
        0.014716815001421225
      ],
      [
        0.2695279144292914,
        0.12872521800344705,
        0.1303589693887248,
        0.08008133238492328,
        0.3626548563400597,
        0.028651709453553637
      ],
      [
        0.2865987084532539,
        0.14715133036389424,
        0.06271051217383418,
        0.09104950208095286,
        0.3640955622745433,
        0.04839438465352152
      ],
      [
        0.2865987084532539,
        0.14715133036389424,
        0.06271051217383418,
        0.09104950208095286,
        0.3640955622745433,
        0.04839438465352152
      ],
      [
        0.2871960243201842,
        0.1608572207704992,
        0.05626277927203161,
        0.08148943339319811,
        0.3656602222848922,
        0.0485343199591944
      ],
      [
        0.4909302593120304,
        0.18102487532329253,
        0.06754331608114288,
        0.08822815922267452,
        0.12419423850854265,
        0.048079151552317116
      ],
      [
        0.2691135829715966,
        0.14540670623859908,
        0.11897819525090517,
        0.07466736137511788,
        0.3631680315391526,
        0.02866612262462865
      ],
      [
        0.5150235415757334,
        0.15443704642029218,
        0.20969197664243452,
        0.09137769880281119,
        0.014752921557307511,
        0.014716815001421225
      ],
      [
        0.5150235415757334,
        0.15443704642029218,
        0.20969197664243452,
        0.09137769880281119,
        0.014752921557307511,
        0.014716815001421225
      ],
      [
        0.4101292267679906,
        0.2639869337690456,
        0.17060497191735888,
        0.05964522318557272,
        0.07060398311478415,
        0.025029661245247962
      ],
      [
        0.4036543602628966,
        0.2747513670142331,
        0.14806301879118489,
        0.0621123622833276,
        0.07367988216451395,
        0.03773900948384391
      ],
      [
        0.2848878160793769,
        0.39817390783319107,
        0.12213656970846071,
        0.06257633266366554,
        0.0742215004849132,
        0.05800387323039268
      ],
      [
        0.4576707874708595,
        0.20486779913754113,
        0.12742838910819895,
        0.08785316844014535,
        0.08296985669455652,
        0.03920999914869861
      ],
      [
        0.151748385670919,
        0.3016088683423524,
        0.1166011725681992,
        0.07878872302677234,
        0.2975071155796451,
        0.05374573481211202
      ],
      [
        0.4147729020910724,
        0.1860800568328962,
        0.12216408134711639,
        0.0943110514980521,
        0.13185790691786872,
        0.050814001312994204
      ],
      [
        0.20206484213818493,
        0.17779280781757262,
        0.1060315529348323,
        0.09119185676719714,
        0.3811416714908747,
        0.041777268851338416
      ],
      [
        0.4558149330673727,
        0.18611848966077232,
        0.11955579178390136,
        0.10437222373603426,
        0.0938672943561774,
        0.04027126739574192
      ],
      [
        0.45532375295976074,
        0.18160525086986917,
        0.11329991175154061,
        0.10594337166126737,
        0.10266753964255361,
        0.04116017311500853
      ],
      [
        0.45405377871960556,
        0.16812522892882448,
        0.10216539634183142,
        0.11487900551529517,
        0.11325239472838797,
        0.04752419576605535
      ],
      [
        0.4388378296040551,
        0.16662677578995902,
        0.09732516097042594,
        0.14063724770329608,
        0.11325687367557903,
        0.043316112256684774
      ],
      [
        0.4549377338744535,
        0.17122754855758976,
        0.08578369825470379,
        0.12153404730465552,
        0.12276165230514376,
        0.04375531970345361
      ],
      [
        0.24274263881359184,
        0.1553329937712968,
        0.08136135685790305,
        0.09127120095707228,
        0.38283113352068626,
        0.04646067607944978
      ],
      [
        0.4550391740542095,
        0.1725381623649114,
        0.10420905091051255,
        0.12539532644396498,
        0.10226734149212698,
        0.04055094473427456
      ],
      [
        0.4557247133962995,
        0.17702066062598018,
        0.11636325260959399,
        0.12743748932137283,
        0.08390540319761002,
        0.0395484808491435
      ],
      [
        0.45596264931299685,
        0.17575769182506754,
        0.1178145397735154,
        0.1316014800477736,
        0.08033530637788035,
        0.038528332662766354
      ],
      [
        0.3872580556148609,
        0.3058079709293899,
        0.11499890238787204,
        0.07357752656069175,
        0.06986914215615773,
        0.048488402351027686
      ],
      [
        0.3828619611316772,
        0.304102598153861,
        0.12017543845997689,
        0.0760254871323245,
        0.06997695192948068,
        0.04685756319267971
      ],
      [
        0.3624516429569551,
        0.2841577860710647,
        0.1601410775916876,
        0.07624048972690668,
        0.07619182237323435,
        0.04081718128015156
      ],
      [
        0.38941657139807784,
        0.18851731693162313,
        0.14952619699875078,
        0.10021758942093409,
        0.1280898847346835,
        0.04423244051593068
      ],
      [
        0.4490650106465679,
        0.20562101814693634,
        0.10710587802637958,
        0.12524064970050508,
        0.07235664064256758,
        0.040610802837043485
      ],
      [
        0.44451919416823504,
        0.1538784940797791,
        0.13148337197550075,
        0.10840264415129328,
        0.12312697911656822,
        0.03858931650862361
      ],
      [
        0.44507480358946183,
        0.14012763990981697,
        0.1459706483037339,
        0.11820989143338212,
        0.11186642261082355,
        0.03875059415278163
      ],
      [
        0.44905834975385006,
        0.14541414554144422,
        0.1818109721094136,
        0.12669344321795337,
        0.06709146212042824,
        0.02993162725691046
      ],
      [
        0.44905834975385006,
        0.14541414554144422,
        0.1818109721094136,
        0.12669344321795337,
        0.06709146212042824,
        0.02993162725691046
      ],
      [
        0.1642696646124584,
        0.1833296891348988,
        0.1379802471878342,
        0.09967529434101127,
        0.3804251479844843,
        0.034319956739313165
      ],
      [
        0.456146176107731,
        0.18854090054055606,
        0.12989918753262364,
        0.09965673066292124,
        0.08575804459211893,
        0.03999896056404894
      ],
      [
        0.3730086539562092,
        0.28186426284328986,
        0.1228383622721472,
        0.09028958766404424,
        0.07712668399943616,
        0.05487244926487339
      ],
      [
        0.3819685719412193,
        0.28156813628600685,
        0.11993541229081299,
        0.08919286512252214,
        0.07512055842932926,
        0.0522144559301092
      ],
      [
        0.3820152571910881,
        0.26983663793315676,
        0.15325146612266172,
        0.08555445040214224,
        0.06829513639757473,
        0.04104705195337628
      ],
      [
        0.449411248908636,
        0.1449915378596763,
        0.1813369844074786,
        0.12630269273058406,
        0.06781383537817193,
        0.030143700715453005
      ]
    ],
    [
      [
        0.5150235415757334,
        0.15443704642029218,
        0.20969197664243452,
        0.09137769880281119,
        0.014752921557307511,
        0.014716815001421225
      ],
      [
        0.490622392270285,
        0.13556933511630004,
        0.14787702790131846,
        0.0816679251572292,
        0.11500730599699668,
        0.029256013557870497
      ],
      [
        0.2865987084532539,
        0.14715133036389424,
        0.06271051217383418,
        0.09104950208095286,
        0.3640955622745433,
        0.04839438465352152
      ],
      [
        0.2865987084532539,
        0.14715133036389424,
        0.06271051217383418,
        0.09104950208095286,
        0.3640955622745433,
        0.04839438465352152
      ],
      [
        0.48837789049949604,
        0.1654028593823249,
        0.0750919294572607,
        0.09928326338067958,
        0.12393716683758883,
        0.04790689044265008
      ],
      [
        0.2871960243201842,
        0.1608572207704992,
        0.05626277927203161,
        0.08148943339319811,
        0.3656602222848922,
        0.0485343199591944
      ],
      [
        0.48837789049949604,
        0.1654028593823249,
        0.0750919294572607,
        0.09928326338067958,
        0.12393716683758883,
        0.04790689044265008
      ],
      [
        0.2695279144292914,
        0.12872521800344705,
        0.1303589693887248,
        0.08008133238492328,
        0.3626548563400597,
        0.028651709453553637
      ],
      [
        0.5150235415757334,
        0.15443704642029218,
        0.20969197664243452,
        0.09137769880281119,
        0.014752921557307511,
        0.014716815001421225
      ],
      [
        0.41732345719612157,
        0.2573947341193727,
        0.165510905703947,
        0.06274054410784821,
        0.07177800216896957,
        0.025252356703740896
      ],
      [
        0.4028066702054145,
        0.2767053145056497,
        0.14564214392893218,
        0.06359792730794908,
        0.07355665220079105,
        0.037691291851263506
      ],
      [
        0.37461486856367454,
        0.29766493131842126,
